1 0.525764 0.153391 0.144501
2 0.485129 0.206525 0.107702
3 0.475167 0.250107 0.105009
4 0.299476 0.186758 0.0815167
5 0.340617 0.249712 0.0503272
6 0.5413 0.238474 0.0944426
7 0.309013 0.186398 0.0953105
8 0.414798 0.22645 0.079638
9 0.421964 0.265262 0.0662221
10 0.289458 0.194036 0.0696706
11 0.53269 0.220969 0.122241
12 0.364907 0.217498 0.0942759
13 0.537735 0.223837 0.114475
14 0.431497 0.265865 0.067657
15 0.460272 0.20288 0.0884297
16 0.339238 0.252757 0.0459685
17 0.333244 0.262711 0.0351914
18 0.310238 0.231764 0.0551077
19 0.516732 0.291459 0.0657061
20 0.422734 0.290079 0.055457
21 0.320007 0.209749 0.0909295
22 0.306747 0.242313 0.0459815
23 0.333297 0.248511 0.0483527
24 0.377447 0.250587 0.0663144
25 0.49504 0.277765 0.0697004
26 0.369556 0.2343 0.0543725
27 0.322309 0.226036 0.0811945
28 0.306615 0.222839 0.0765548
29 0.333323 0.22098 0.092342
30 0.299114 0.165389 0.102609
31 0.371894 0.225745 0.0778093
32 0.359944 0.171527 0.104168
33 0.481718 0.225469 0.116617
34 0.356691 0.260191 0.0511297
35 0.42976 0.251417 0.0735887
36 0.382414 0.238863 0.0772921
37 0.318406 0.239429 0.0579314
38 0.36432 0.228306 0.0747506
39 0.3088 0.249732 0.046056
40 0.451114 0.251195 0.0830001
41 0.448943 0.26423 0.0697338
42 0.432656 0.277348 0.0600487
43 0.353639 0.238062 0.0694976
44 0.472899 0.277493 0.0666793
45 0.475301 0.297766 0.0605853
46 0.305269 0.232582 0.0759862
47 0.361032 0.244836 0.0578115
48 0.454623 0.233283 0.0986831
49 0.446534 0.238651 0.0977252
50 0.404923 0.259456 0.0750602
51 0.328028 0.24291 0.0814515
52 0.337116 0.227348 0.0736128
53 0.315212 0.224268 0.0719456
54 0.337743 0.200055 0.0770684
55 0.414615 0.275544 0.046325
56 0.436731 0.238705 0.0812167
57 0.312631 0.239756 0.0570621
58 0.456788 0.250411 0.0806908
59 0.382533 0.21178 0.118359
60 0.338755 0.214837 0.0888197
61 0.472577 0.284796 0.0843858
62 0.516509 0.330592 0.0798918
63 0.550174 0.25525 0.0979463
64 0.553495 0.273699 0.105086
65 0.497299 0.284099 0.0578405
66 0.446584 0.302552 0.0515734
67 0.533569 0.305849 0.0903336
68 0.451495 0.24091 0.0982548
69 0.404359 0.267705 0.0481316
70 0.32323 0.248688 0.0480172
71 0.579406 0.288123 0.0867494
72 0.604195 0.287164 0.102755
73 0.489849 0.282466 0.0574735
74 0.400691 0.288964 0.052052
75 0.482453 0.267896 0.0818352
76 0.528888 0.308095 0.0950629
77 0.541881 0.289258 0.080398
78 0.442344 0.229776 0.0882021
79 0.371723 0.248534 0.0701182
80 0.438456 0.242533 0.102043
81 0.415322 0.267078 0.0722981
82 0.355663 0.258626 0.0501886
83 0.347835 0.263764 0.0440328
84 0.50122 0.329054 0.0978915
85 0.5098 0.273027 0.0821272
86 0.401063 0.28844 0.0359741
87 0.462042 0.264422 0.078813
88 0.509459 0.313456 0.0954602
89 0.531953 0.327856 0.0944168
90 0.479492 0.331871 0.0706128
91 0.559715 0.378143 0.0987749
92 0.57712 0.344188 0.092812
93 0.531331 0.359811 0.0828564
94 0.518311 0.312146 0.0837052
95 0.559129 0.331804 0.0781443
96 0.521694 0.326358 0.0809516
97 0.491332 0.329461 0.080201
98 0.540121 0.349202 0.110881
99 0.493726 0.315176 0.0706616
100 0.508406 0.333298 0.0641492
101 0.514698 0.32625 0.0717025
102 0.388725 0.308909 0.0297324
103 0.380488 0.285787 0.0378854
104 0.480951 0.28242 0.0728978
105 0.458199 0.290917 0.0730507
106 0.37237 0.289035 0.0472048
107 0.427816 0.304043 0.0741062
108 0.472042 0.249358 0.0868271
109 0.419223 0.276239 0.0736148
110 0.495578 0.317909 0.0847714
111 0.379325 0.300545 0.0281164
112 0.540284 0.319206 0.101679
