-0.0285 0.3953 0.005 0.01 0.01 0.01 1000 0.0 0.0 1.0 64.1578
0.1383 -0.2651 0.0075 0.015 0.015 0.015 1000 0.0 0.0 1.0 94.8904
-0.004 0.1985 0.01 0.02 0.02 0.02 1000 0.0 0.0 1.0 37.3188
-0.2154 0.3419 0.0075 0.015 0.015 0.015 1000 0.0 0.0 1.0 89.8152
0.4169 0.1007 0.01 0.02 0.02 0.02 1000 0.0 0.0 1.0 246.2902
-0.3006 0.0178 0.01 0.02 0.02 0.02 1000 0.0 0.0 1.0 144.8509
-0.3167 -0.2262 0.005 0.01 0.01 0.01 1000 0.0 0.0 1.0 222.1566
0.0711 -0.1161 0.0075 0.015 0.015 0.015 1000 0.0 0.0 1.0 141.8377
-0.1025 -0.2843 0.0075 0.015 0.015 0.015 1000 0.0 0.0 1.0 11.4367
0.1755 -0.0254 0.01 0.02 0.02 0.02 1000 0.0 0.0 1.0 195.479
-0.4408 -0.25 0.01 0.02 0.02 0.02 1000 0.0 0.0 1.0 89.0928
0.267 0.3706 0.005 0.01 0.01 0.01 1000 0.0 0.0 1.0 138.2788
0.2125 0.2169 0.005 0.01 0.01 0.01 1000 0.0 0.0 1.0 198.6886
-0.255 -0.4889 0.01 0.02 0.02 0.02 1000 0.0 0.0 1.0 172.1842
-0.4916 0.3342 0.01 0.02 0.02 0.02 1000 0.0 0.0 1.0 29.4426
0.4725 -0.465 0.01 0.02 0.02 0.02 1000 0.0 0.0 1.0 269.8687
0.329 -0.3266 0.01 0.02 0.02 0.02 1000 0.0 0.0 1.0 317.9649
-0.4211 0.0877 0.0075 0.015 0.015 0.015 1000 0.0 0.0 1.0 57.9785
0.1793 -0.4234 0.0075 0.015 0.015 0.015 1000 0.0 0.0 1.0 181.3451
0.2473 0.1017 0.005 0.01 0.01 0.01 1000 0.0 0.0 1.0 37.1144
-0.1655 0.0915 0.01 0.02 0.02 0.02 1000 0.0 0.0 1.0 329.351
0.4983 -0.0493 0.005 0.01 0.01 0.01 1000 0.0 0.0 1.0 26.0849
0.455 -0.2454 0.0075 0.015 0.015 0.015 1000 0.0 0.0 1.0 330.908
0.0957 0.3293 0.0075 0.015 0.015 0.015 1000 0.0 0.0 1.0 39.673
-0.3488 0.2964 0.005 0.01 0.01 0.01 1000 0.0 0.0 1.0 325.4456
0.469 0.234 0.005 0.01 0.01 0.01 1000 0.0 0.0 1.0 66.8704
0.3078 -0.146 0.01 0.02 0.02 0.02 1000 0.0 0.0 1.0 0.2065
0.3304 0.2815 0.005 0.01 0.01 0.01 1000 0.0 0.0 1.0 94.8724
-0.0889 0.4916 0.0075 0.015 0.015 0.015 1000 0.0 0.0 1.0 203.8079
-0.452 -0.4723 0.005 0.01 0.01 0.01 1000 0.0 0.0 1.0 312.0438
-0.2274 0.4581 0.005 0.01 0.01 0.01 1000 0.0 0.0 1.0 248.6948
-0.3372 0.1816 0.005 0.01 0.01 0.01 1000 0.0 0.0 1.0 57.2083
-0.3564 0.4691 0.0075 0.015 0.015 0.015 1000 0.0 0.0 1.0 114.811
0.4434 0.447 0.0075 0.015 0.015 0.015 1000 0.0 0.0 1.0 340.4336
-0.0672 -0.4863 0.0075 0.015 0.015 0.015 1000 0.0 0.0 1.0 162.7462
-0.1851 -0.1719 0.01 0.02 0.02 0.02 1000 0.0 0.0 1.0 273.6559
-0.4179 -0.0485 0.0075 0.015 0.015 0.015 1000 0.0 0.0 1.0 324.4937
0.1111 0.1229 0.0075 0.015 0.015 0.015 1000 0.0 0.0 1.0 60.9328
-0.4513 0.2163 0.005 0.01 0.01 0.01 1000 0.0 0.0 1.0 130.2776
-0.4839 0.4838 0.0075 0.015 0.015 0.015 1000 0.0 0.0 1.0 200.1723
-0.0608 -0.0453 0.005 0.01 0.01 0.01 1000 0.0 0.0 1.0 14.9331
0.0379 -0.3359 0.005 0.01 0.01 0.01 1000 0.0 0.0 1.0 162.0969
0.0059 0.055 0.005 0.01 0.01 0.01 1000 0.0 0.0 1.0 55.5644
-0.3225 -0.363 0.005 0.01 0.01 0.01 1000 0.0 0.0 1.0 121.7811
0.1358 0.4787 0.0075 0.015 0.015 0.015 1000 0.0 0.0 1.0 138.459
0.3256 -0.4757 0.0075 0.015 0.015 0.015 1000 0.0 0.0 1.0 42.4044
0.2836 0.4771 0.005 0.01 0.01 0.01 1000 0.0 0.0 1.0 129.0643
-0.069 0.3028 0.005 0.01 0.01 0.01 1000 0.0 0.0 1.0 168.415
-0.2339 0.202 0.005 0.01 0.01 0.01 1000 0.0 0.0 1.0 185.4748
0.0471 -0.4625 0.005 0.01 0.01 0.01 1000 0.0 0.0 1.0 142.8171
0.0 -0.6 1.2 0.04 0.02 0
0.0 -0.63 1.2 0.04 0.04 0
0.0 -0.65 1.2 0.04 0.06 0
0.0 -0.67 1.2 0.04 0.08 0
0.0 -0.69 1.2 0.04 0.06 0
0.0 -0.71 1.2 0.04 0.04 0
0.0 -0.73 1.2 0.04 0.02 0
0.0 0.6 1.2 0.04 0.02 0
0.0 0.63 1.2 0.04 0.04 0
0.0 0.65 1.2 0.04 0.06 0
0.0 0.67 1.2 0.04 0.08 0
0.0 0.69 1.2 0.04 0.06 0
0.0 0.71 1.2 0.04 0.04 0
0.0 0.73 1.2 0.04 0.02 0
-0.6 0.0 0.04 1.2 0.02 0
-0.63 0.0 0.04 1.2 0.04 0
-0.65 0.0 0.04 1.2 0.06 0
-0.67 0.0 0.04 1.2 0.08 0
-0.69 0.0 0.04 1.2 0.06 0
-0.71 0.0 0.04 1.2 0.04 0
-0.73 0.0 0.04 1.2 0.02 0
0.6 0.0 0.04 1.2 0.02 0
0.63 0.0 0.04 1.2 0.04 0
0.65 0.0 0.04 1.2 0.06 0
0.67 0.0 0.04 1.2 0.08 0
0.69 0.0 0.04 1.2 0.06 0
0.71 0.0 0.04 1.2 0.04 0
0.73 0.0 0.04 1.2 0.02 0
