1 0.365857 0.119218 0.0686533
2 0.408516 0.183554 0.0847066
3 0.408516 0.199063 0.0790899
4 0.408516 0.233539 0.0776016
5 0.408516 0.262232 0.0676615
6 0.414541 0.285526 0.0614179
7 0.414541 0.29461 0.058761
8 0.414541 0.306385 0.0546389
9 0.414541 0.31418 0.0522282
10 0.414541 0.318599 0.0489054
11 0.414541 0.326683 0.0465959
12 0.414541 0.332375 0.0431473
13 0.414541 0.337637 0.0410296
14 0.414541 0.341728 0.0386204
15 0.414541 0.343548 0.037712
16 0.414541 0.349381 0.0321751
17 0.414541 0.350552 0.0308243
18 0.414541 0.352389 0.0297524
19 0.419335 0.35572 0.0300661
20 0.419335 0.356514 0.0292584
21 0.419335 0.357222 0.0284903
22 0.419335 0.358005 0.0276792
23 0.419335 0.359778 0.0271975
24 0.419335 0.362873 0.0249612
25 0.419335 0.365186 0.0255906
26 0.419335 0.371898 0.0248026
27 0.419335 0.372526 0.0239749
28 0.419335 0.374358 0.0234064
29 0.419335 0.378134 0.0223854
30 0.447213 0.380749 0.0241256
31 0.447213 0.384825 0.0230434
32 0.447213 0.385252 0.0224938
33 0.447213 0.385252 0.0224938
34 0.447213 0.387251 0.0213557
35 0.447213 0.388748 0.021184
36 0.447213 0.390411 0.0214682
37 0.447213 0.392151 0.0204117
38 0.447213 0.394141 0.0204751
39 0.447213 0.394551 0.0200624
40 0.447213 0.396515 0.0187738
41 0.447213 0.396901 0.0183834
42 0.447213 0.396901 0.0183834
43 0.447213 0.396901 0.0183834
44 0.447213 0.397985 0.0182227
45 0.447213 0.399886 0.0179743
46 0.447213 0.399886 0.0179743
47 0.447213 0.399886 0.0179743
48 0.447213 0.399886 0.0179743
49 0.447213 0.401463 0.018194
50 0.447213 0.403321 0.0170938
51 0.447213 0.403321 0.0170938
52 0.447213 0.403321 0.0170938
53 0.447213 0.404364 0.0170342
54 0.447213 0.404421 0.0169635
55 0.447213 0.404435 0.0169449
56 0.447213 0.404524 0.0168417
57 0.447213 0.404524 0.0168417
58 0.447213 0.404524 0.0168417
59 0.447213 0.404524 0.0168417
60 0.447213 0.406059 0.0176286
61 0.447213 0.407093 0.0175414
62 0.447213 0.408476 0.0167608
63 0.447213 0.41175 0.0157614
64 0.45233 0.413329 0.0165632
65 0.45233 0.413329 0.0165632
66 0.485669 0.416476 0.0192254
67 0.485669 0.41694 0.0188631
68 0.491655 0.421439 0.0228448
69 0.491655 0.422092 0.0224451
70 0.491655 0.422999 0.0220942
71 0.491655 0.423477 0.0217114
72 0.491655 0.424474 0.021417
73 0.530629 0.427788 0.0266839
74 0.530629 0.430293 0.0284843
75 0.530629 0.430329 0.028446
76 0.530629 0.434369 0.0304558
77 0.530629 0.434369 0.0304558
78 0.530629 0.434369 0.0304558
79 0.530629 0.434369 0.0304558
80 0.530629 0.434536 0.0303081
81 0.530629 0.436457 0.0307664
82 0.530629 0.436745 0.0305189
83 0.530629 0.436745 0.0305189
84 0.530629 0.438115 0.0302915
85 0.530629 0.438287 0.0301352
86 0.530629 0.438287 0.0301352
87 0.530629 0.438287 0.0301352
88 0.530629 0.438706 0.0298331
89 0.530629 0.438778 0.0297693
90 0.530629 0.438975 0.0296111
91 0.530629 0.438975 0.0296111
92 0.530629 0.43912 0.0295011
93 0.530629 0.43912 0.0295011
94 0.530629 0.439681 0.0292338
95 0.530629 0.439681 0.0292338
96 0.530629 0.441167 0.0287364
97 0.530629 0.441167 0.0287364
98 0.530629 0.441759 0.0284086
99 0.530629 0.443485 0.0288854
100 0.530629 0.443485 0.0288854
101 0.530629 0.443485 0.0288854
102 0.530629 0.443512 0.0288606
103 0.530629 0.4457 0.030073
104 0.530629 0.449647 0.0317876
105 0.530629 0.449647 0.0317876
106 0.530629 0.449647 0.0317876
107 0.530629 0.449647 0.0317876
108 0.530629 0.451593 0.0321696
109 0.530629 0.451593 0.0321696
110 0.530629 0.451893 0.0319186
111 0.530629 0.451954 0.0318591
112 0.530629 0.451954 0.0318591
113 0.530629 0.452062 0.0317556
114 0.530629 0.452062 0.0317556
115 0.530629 0.452301 0.0315473
116 0.530629 0.452301 0.0315473
117 0.530629 0.453146 0.0311226
118 0.530629 0.453146 0.0311226
119 0.530629 0.453146 0.0311226
120 0.530629 0.453146 0.0311226
121 0.530629 0.454791 0.030371
122 0.530629 0.456309 0.0296777
123 0.530629 0.458145 0.0298814
124 0.530629 0.458145 0.0298814
125 0.530629 0.45827 0.0297537
126 0.530629 0.458447 0.0295805
127 0.530629 0.458447 0.0295805
128 0.530629 0.458447 0.0295805
129 0.530629 0.459684 0.0292498
130 0.530629 0.460274 0.028844
131 0.530629 0.461994 0.0289392
132 0.530629 0.463415 0.0286917
133 0.530629 0.463415 0.0286917
134 0.530629 0.465043 0.0286084
135 0.530629 0.465043 0.0286084
136 0.530629 0.466305 0.0281585
137 0.530629 0.466305 0.0281585
138 0.530629 0.466696 0.0277431
139 0.530629 0.466696 0.0277431
140 0.530629 0.466696 0.0277431
141 0.530629 0.466696 0.0277431
142 0.530629 0.467235 0.0272705
143 0.530629 0.467235 0.0272705
144 0.530629 0.468379 0.0267292
145 0.530629 0.468764 0.0263206
146 0.530629 0.470311 0.0259808
147 0.530629 0.470832 0.0254436
148 0.530629 0.472348 0.0250237
149 0.530629 0.472348 0.0250237
150 0.530629 0.47398 0.0239477
151 0.530629 0.47398 0.0239477
152 0.530629 0.47398 0.0239477
153 0.530629 0.474641 0.0232889
154 0.530629 0.474641 0.0232889
155 0.530629 0.474641 0.0232889
156 0.530629 0.474641 0.0232889
157 0.530629 0.474998 0.0228246
158 0.530629 0.474998 0.0228246
159 0.530629 0.474998 0.0228246
160 0.530629 0.474998 0.0228246
161 0.530629 0.476266 0.0222535
162 0.530629 0.476266 0.0222535
163 0.530629 0.476266 0.0222535
164 0.530629 0.476266 0.0222535
165 0.530629 0.477913 0.0222545
166 0.530629 0.479042 0.0216854
167 0.530629 0.479042 0.0216854
168 0.530629 0.479482 0.0212083
169 0.530629 0.479482 0.0212083
170 0.530629 0.480611 0.0207015
171 0.530629 0.480611 0.0207015
172 0.530629 0.480611 0.0207015
173 0.530629 0.480611 0.0207015
174 0.530629 0.480611 0.0207015
175 0.530629 0.480807 0.0204631
176 0.530629 0.480807 0.0204631
177 0.530629 0.480807 0.0204631
178 0.530629 0.480807 0.0204631
179 0.530629 0.480807 0.0204631
180 0.530629 0.483411 0.0191471
181 0.530629 0.483411 0.0191471
182 0.530629 0.484405 0.0186014
183 0.530629 0.4852 0.0176192
184 0.530629 0.4852 0.0176192
185 0.530629 0.4852 0.0176192
186 0.530629 0.4852 0.0176192
187 0.530629 0.486164 0.0166738
188 0.530629 0.486164 0.0166738
189 0.530629 0.486164 0.0166738
190 0.530629 0.486508 0.0162617
191 0.530629 0.486508 0.0162617
192 0.530629 0.486784 0.0158947
193 0.530629 0.488258 0.0162562
194 0.530629 0.488258 0.0162562
195 0.530629 0.488258 0.0162562
196 0.530629 0.488258 0.0162562
197 0.530629 0.488258 0.0162562
198 0.530629 0.488258 0.0162562
199 0.530629 0.488258 0.0162562
200 0.530629 0.488258 0.0162562
201 0.530629 0.488258 0.0162562
202 0.530629 0.488258 0.0162562
203 0.530629 0.488258 0.0162562
204 0.530629 0.488258 0.0162562
205 0.530629 0.48849 0.015972
206 0.530629 0.488585 0.0158425
207 0.530629 0.488585 0.0158425
208 0.530629 0.488585 0.0158425
209 0.534541 0.490299 0.0169726
210 0.534541 0.490299 0.0169726
211 0.534541 0.490299 0.0169726
212 0.534541 0.490299 0.0169726
213 0.534541 0.491976 0.0178861
214 0.534541 0.491976 0.0178861
215 0.534541 0.492475 0.0175001
216 0.534541 0.492475 0.0175001
217 0.534541 0.492475 0.0175001
218 0.534541 0.492475 0.0175001
219 0.534541 0.492627 0.0173179
220 0.534541 0.492627 0.0173179
221 0.534541 0.492627 0.0173179
222 0.534541 0.492627 0.0173179
223 0.534541 0.492627 0.0173179
224 0.534541 0.492627 0.0173179
225 0.534541 0.492627 0.0173179
226 0.534541 0.492627 0.0173179
227 0.534541 0.492627 0.0173179
228 0.534541 0.492627 0.0173179
229 0.534541 0.492627 0.0173179
230 0.534541 0.492627 0.0173179
231 0.534541 0.492627 0.0173179
232 0.534541 0.492627 0.0173179
233 0.534541 0.493331 0.0169242
234 0.534541 0.493331 0.0169242
235 0.534541 0.493331 0.0169242
236 0.534541 0.493331 0.0169242
237 0.534541 0.493331 0.0169242
238 0.534541 0.493331 0.0169242
239 0.534541 0.493331 0.0169242
240 0.534541 0.493331 0.0169242
241 0.534541 0.493331 0.0169242
242 0.534541 0.493331 0.0169242
243 0.534541 0.493331 0.0169242
244 0.534541 0.493331 0.0169242
245 0.534541 0.493331 0.0169242
246 0.534541 0.493331 0.0169242
247 0.534541 0.494402 0.0168057
248 0.534541 0.494402 0.0168057
249 0.534541 0.494626 0.0165477
250 0.534541 0.494626 0.0165477
251 0.534541 0.494626 0.0165477
252 0.534541 0.494626 0.0165477
253 0.534541 0.494626 0.0165477
254 0.534541 0.494626 0.0165477
255 0.534541 0.494626 0.0165477
256 0.534541 0.494626 0.0165477
257 0.534541 0.494626 0.0165477
258 0.534541 0.494626 0.0165477
259 0.534541 0.494626 0.0165477
260 0.534541 0.494626 0.0165477
261 0.534541 0.494626 0.0165477
262 0.534541 0.494626 0.0165477
263 0.534541 0.494626 0.0165477
264 0.534541 0.494626 0.0165477
265 0.534541 0.494626 0.0165477
266 0.534541 0.494837 0.0163165
267 0.534541 0.495107 0.0160452
268 0.534541 0.495107 0.0160452
269 0.534541 0.495107 0.0160452
270 0.534541 0.495107 0.0160452
271 0.534541 0.495107 0.0160452
272 0.534541 0.495107 0.0160452
273 0.534541 0.495107 0.0160452
274 0.534541 0.495264 0.0158621
275 0.534541 0.497007 0.015371
276 0.534541 0.497007 0.015371
277 0.534541 0.497007 0.015371
278 0.534541 0.497977 0.0152335
279 0.534541 0.497977 0.0152335
280 0.534541 0.497977 0.0152335
281 0.534541 0.497977 0.0152335
282 0.534541 0.497977 0.0152335
283 0.534541 0.497977 0.0152335
284 0.534541 0.497977 0.0152335
285 0.534541 0.497977 0.0152335
286 0.534541 0.497977 0.0152335
287 0.534541 0.497977 0.0152335
288 0.534541 0.497977 0.0152335
289 0.534541 0.497977 0.0152335
290 0.534541 0.497977 0.0152335
291 0.534541 0.497977 0.0152335
292 0.534541 0.497977 0.0152335
293 0.534541 0.497977 0.0152335
294 0.534541 0.497977 0.0152335
295 0.534541 0.497977 0.0152335
296 0.534541 0.497977 0.0152335
297 0.534541 0.497977 0.0152335
298 0.534541 0.497977 0.0152335
299 0.534541 0.497977 0.0152335
300 0.534541 0.497977 0.0152335
