1 0.475068 0.185101 0.134545
2 0.475068 0.268772 0.0866916
3 0.475068 0.308572 0.0795183
4 0.484932 0.342053 0.0702236
5 0.484932 0.354719 0.063438
6 0.484932 0.36764 0.05971
7 0.484932 0.380705 0.0513412
8 0.484932 0.385122 0.0466095
9 0.56647 0.399684 0.0506822
10 0.56647 0.409069 0.0452831
11 0.56647 0.418379 0.043926
12 0.56647 0.423683 0.0433249
13 0.56647 0.430596 0.0431851
14 0.56647 0.43283 0.0414499
15 0.56647 0.435305 0.0404332
16 0.56647 0.437756 0.039374
17 0.56647 0.440707 0.0370708
18 0.56647 0.442788 0.0370244
19 0.56647 0.447274 0.0349827
20 0.56647 0.448258 0.0344148
21 0.56647 0.448514 0.0341458
22 0.56647 0.448514 0.0341458
23 0.56647 0.450128 0.0338042
24 0.56647 0.451396 0.0332479
25 0.56647 0.452628 0.0326438
26 0.56647 0.458163 0.0321382
27 0.56647 0.458832 0.0315374
28 0.56647 0.45984 0.0308233
29 0.638969 0.467742 0.0397939
30 0.638969 0.467742 0.0397939
31 0.638969 0.471147 0.0408884
32 0.638969 0.471299 0.04075
33 0.638969 0.4731 0.0405379
34 0.638969 0.4731 0.0405379
35 0.638969 0.473317 0.0403524
36 0.680842 0.479451 0.051299
37 0.680842 0.481494 0.0503938
38 0.680842 0.486652 0.051927
39 0.680842 0.486652 0.051927
40 0.680842 0.486652 0.051927
41 0.680842 0.486652 0.051927
42 0.680842 0.489177 0.0521449
43 0.680842 0.489896 0.0516946
44 0.680842 0.492854 0.0516449
45 0.680842 0.492854 0.0516449
46 0.680842 0.493404 0.0512511
47 0.680842 0.495466 0.050788
48 0.680842 0.496206 0.0503206
49 0.680842 0.496206 0.0503206
50 0.680842 0.496206 0.0503206
51 0.680842 0.496657 0.0499964
52 0.680842 0.496657 0.0499964
53 0.680842 0.497008 0.0497312
54 0.680842 0.501769 0.0541587
55 0.680842 0.505 0.053999
56 0.680842 0.505 0.053999
57 0.680842 0.50896 0.05572
58 0.680842 0.50896 0.05572
59 0.680842 0.50896 0.05572
60 0.680842 0.50896 0.05572
61 0.680842 0.50896 0.05572
62 0.680842 0.50896 0.05572
63 0.680842 0.50896 0.05572
64 0.680842 0.511025 0.055301
65 0.680842 0.513342 0.0550753
66 0.680842 0.513342 0.0550753
67 0.680842 0.513495 0.0549373
68 0.680842 0.513495 0.0549373
69 0.680842 0.51513 0.0543215
70 0.680842 0.51513 0.0543215
71 0.680842 0.520808 0.0547722
72 0.680842 0.524342 0.0556844
73 0.680842 0.524952 0.0551857
74 0.680842 0.528031 0.0553197
75 0.680842 0.528031 0.0553197
76 0.680842 0.531824 0.0562374
77 0.680842 0.533316 0.0549775
78 0.680842 0.533316 0.0549775
79 0.680842 0.533316 0.0549775
80 0.680842 0.534612 0.0539833
81 0.680842 0.534612 0.0539833
82 0.680842 0.534612 0.0539833
83 0.680842 0.534612 0.0539833
84 0.680842 0.534612 0.0539833
85 0.680842 0.534612 0.0539833
86 0.680842 0.534612 0.0539833
87 0.680842 0.534612 0.0539833
88 0.680842 0.534612 0.0539833
89 0.680842 0.534612 0.0539833
90 0.680842 0.534612 0.0539833
91 0.680842 0.535301 0.0533915
92 0.680842 0.536466 0.0526076
93 0.680842 0.536466 0.0526076
94 0.682703 0.541595 0.0564717
95 0.682703 0.542448 0.0557644
96 0.682703 0.542502 0.0557043
97 0.682703 0.545564 0.0552031
98 0.682703 0.55003 0.0538141
99 0.682703 0.55226 0.0528392
100 0.682703 0.554425 0.0518002
101 0.682703 0.555206 0.0508935
102 0.682703 0.555954 0.0501668
103 0.682703 0.556323 0.0497759
104 0.682703 0.556323 0.0497759
105 0.682703 0.557329 0.0490189
106 0.682703 0.557504 0.0488253
107 0.682703 0.557504 0.0488253
108 0.682703 0.557504 0.0488253
109 0.682703 0.557504 0.0488253
110 0.682703 0.557833 0.048498
111 0.682703 0.557833 0.048498
112 0.682703 0.560182 0.0480794
113 0.682703 0.561079 0.0473633
114 0.682703 0.561079 0.0473633
115 0.682703 0.561079 0.0473633
116 0.682703 0.561288 0.0471319
117 0.682703 0.561288 0.0471319
118 0.682703 0.561288 0.0471319
119 0.682703 0.562385 0.0463276
120 0.682703 0.562385 0.0463276
121 0.682703 0.562385 0.0463276
122 0.682703 0.562385 0.0463276
123 0.682703 0.562385 0.0463276
124 0.682703 0.56252 0.0461735
125 0.682703 0.563262 0.0455228
126 0.682703 0.563262 0.0455228
127 0.682703 0.563262 0.0455228
128 0.682703 0.563262 0.0455228
129 0.682703 0.563262 0.0455228
130 0.682703 0.565427 0.044961
131 0.682703 0.565427 0.044961
132 0.682703 0.566248 0.0441958
133 0.682703 0.567723 0.0433555
134 0.682703 0.567723 0.0433555
135 0.682703 0.567723 0.0433555
136 0.682703 0.567723 0.0433555
137 0.682703 0.569212 0.0424626
138 0.682703 0.569212 0.0424626
139 0.682703 0.569212 0.0424626
140 0.682703 0.569212 0.0424626
141 0.682703 0.569212 0.0424626
142 0.682703 0.569212 0.0424626
143 0.682703 0.569212 0.0424626
144 0.682703 0.569212 0.0424626
145 0.682703 0.569212 0.0424626
146 0.682703 0.569212 0.0424626
147 0.682703 0.569212 0.0424626
148 0.682703 0.569212 0.0424626
149 0.682703 0.569212 0.0424626
150 0.682703 0.569212 0.0424626
151 0.682703 0.569212 0.0424626
152 0.682703 0.569212 0.0424626
153 0.682703 0.569212 0.0424626
154 0.682703 0.569212 0.0424626
155 0.682703 0.569212 0.0424626
156 0.682703 0.569212 0.0424626
157 0.682703 0.571081 0.0416998
158 0.682703 0.571081 0.0416998
159 0.682703 0.571421 0.0413007
160 0.682703 0.571421 0.0413007
161 0.682703 0.571421 0.0413007
162 0.682703 0.571421 0.0413007
163 0.682703 0.571421 0.0413007
164 0.682703 0.571421 0.0413007
165 0.682703 0.571421 0.0413007
166 0.682703 0.571421 0.0413007
167 0.682703 0.571421 0.0413007
168 0.682703 0.572009 0.0406764
169 0.682703 0.572009 0.0406764
170 0.682703 0.572009 0.0406764
171 0.682703 0.572009 0.0406764
172 0.682703 0.572009 0.0406764
173 0.682703 0.572793 0.0399909
174 0.682703 0.572793 0.0399909
175 0.682703 0.572793 0.0399909
176 0.682703 0.57631 0.0416554
177 0.682703 0.57631 0.0416554
178 0.682703 0.57631 0.0416554
179 0.682703 0.577723 0.040802
180 0.682703 0.577723 0.040802
181 0.682703 0.578119 0.0403763
182 0.682703 0.578863 0.0397408
183 0.682703 0.579071 0.0395056
184 0.682703 0.579071 0.0395056
185 0.682703 0.579071 0.0395056
186 0.682703 0.579071 0.0395056
187 0.682703 0.579131 0.039445
188 0.682703 0.579131 0.039445
189 0.682703 0.579131 0.039445
190 0.682703 0.579131 0.039445
191 0.682703 0.579131 0.039445
192 0.682703 0.579131 0.039445
193 0.682703 0.579131 0.039445
194 0.682703 0.579131 0.039445
195 0.682703 0.579131 0.039445
196 0.682703 0.579897 0.0389419
197 0.682703 0.579897 0.0389419
198 0.682703 0.579897 0.0389419
199 0.682703 0.579897 0.0389419
200 0.682703 0.579897 0.0389419
201 0.682703 0.579897 0.0389419
202 0.682703 0.579897 0.0389419
203 0.682703 0.579897 0.0389419
204 0.682703 0.579897 0.0389419
205 0.682703 0.579897 0.0389419
206 0.682703 0.579897 0.0389419
207 0.682703 0.579897 0.0389419
208 0.682703 0.58181 0.0388014
209 0.682703 0.58181 0.0388014
210 0.682703 0.58181 0.0388014
211 0.682703 0.58181 0.0388014
212 0.682703 0.58184 0.0387689
213 0.682703 0.582166 0.0384687
214 0.682703 0.582166 0.0384687
215 0.682703 0.582166 0.0384687
216 0.682703 0.582166 0.0384687
217 0.682703 0.582166 0.0384687
218 0.682703 0.58236 0.0382745
219 0.682703 0.58236 0.0382745
220 0.682703 0.58236 0.0382745
221 0.682703 0.58236 0.0382745
222 0.682703 0.58236 0.0382745
223 0.682703 0.58236 0.0382745
224 0.682703 0.58236 0.0382745
225 0.682703 0.58236 0.0382745
226 0.682703 0.583954 0.0378103
227 0.682703 0.583954 0.0378103
228 0.682703 0.583954 0.0378103
229 0.682703 0.583954 0.0378103
230 0.682703 0.583954 0.0378103
231 0.682703 0.584104 0.0376493
232 0.682703 0.584104 0.0376493
233 0.682703 0.586198 0.0375284
234 0.682703 0.586198 0.0375284
235 0.682703 0.586198 0.0375284
236 0.682703 0.586198 0.0375284
237 0.682703 0.586198 0.0375284
238 0.682703 0.586198 0.0375284
239 0.682703 0.586198 0.0375284
240 0.682703 0.586198 0.0375284
241 0.682703 0.586888 0.0369637
242 0.682703 0.586888 0.0369637
243 0.682703 0.586888 0.0369637
244 0.682703 0.587226 0.0366201
245 0.682703 0.587226 0.0366201
246 0.682703 0.587387 0.0364533
247 0.682703 0.587387 0.0364533
248 0.682703 0.587768 0.0361021
249 0.682703 0.587768 0.0361021
250 0.682703 0.587768 0.0361021
251 0.682703 0.587768 0.0361021
252 0.682703 0.587768 0.0361021
253 0.682703 0.587768 0.0361021
254 0.682703 0.587768 0.0361021
255 0.682703 0.587768 0.0361021
256 0.682703 0.587768 0.0361021
257 0.682703 0.587768 0.0361021
258 0.682703 0.587768 0.0361021
259 0.682703 0.587768 0.0361021
260 0.682703 0.587768 0.0361021
261 0.682703 0.587768 0.0361021
262 0.682703 0.587768 0.0361021
263 0.682703 0.587768 0.0361021
264 0.682703 0.587768 0.0361021
265 0.682703 0.587768 0.0361021
266 0.682703 0.587768 0.0361021
267 0.682703 0.587768 0.0361021
268 0.682703 0.587768 0.0361021
269 0.682703 0.587768 0.0361021
270 0.682703 0.587768 0.0361021
271 0.682703 0.587768 0.0361021
272 0.682703 0.588345 0.0356281
273 0.682703 0.589297 0.0350356
274 0.682703 0.589297 0.0350356
275 0.682703 0.589297 0.0350356
276 0.682703 0.589297 0.0350356
277 0.682703 0.589297 0.0350356
278 0.682703 0.589297 0.0350356
279 0.682703 0.589297 0.0350356
280 0.682703 0.589297 0.0350356
281 0.682703 0.589297 0.0350356
282 0.682703 0.589297 0.0350356
283 0.682703 0.589297 0.0350356
284 0.682703 0.589297 0.0350356
285 0.682703 0.589297 0.0350356
286 0.682703 0.589297 0.0350356
287 0.682703 0.589297 0.0350356
288 0.682703 0.589297 0.0350356
289 0.682703 0.589297 0.0350356
290 0.682703 0.589297 0.0350356
291 0.682703 0.589297 0.0350356
292 0.682703 0.589297 0.0350356
293 0.682703 0.589297 0.0350356
294 0.682703 0.589297 0.0350356
295 0.682703 0.589297 0.0350356
296 0.682703 0.589297 0.0350356
297 0.682703 0.589297 0.0350356
298 0.682703 0.589297 0.0350356
299 0.682703 0.589297 0.0350356
300 0.682703 0.589297 0.0350356
301 0.682703 0.589297 0.0350356
302 0.682703 0.589297 0.0350356
303 0.682703 0.589297 0.0350356
304 0.682703 0.589297 0.0350356
305 0.682703 0.589297 0.0350356
306 0.682703 0.589297 0.0350356
307 0.682703 0.589297 0.0350356
