1 0.376421 0.151024 0.0895001
2 0.376421 0.212489 0.0741243
3 0.376421 0.250448 0.0553989
4 0.376421 0.273878 0.0450709
5 0.391625 0.279821 0.0456309
6 0.39733 0.296194 0.0439254
7 0.39733 0.302264 0.0410011
8 0.39733 0.305699 0.0398309
9 0.39733 0.308991 0.0390055
10 0.39733 0.311785 0.0396363
11 0.39733 0.314612 0.0400943
12 0.39733 0.317904 0.0386949
13 0.39733 0.323022 0.0359348
14 0.413161 0.330593 0.0365417
15 0.413161 0.334813 0.0339114
16 0.413161 0.33927 0.0333066
17 0.413161 0.340891 0.0312472
18 0.413161 0.343477 0.0305074
19 0.413161 0.347289 0.027054
20 0.413161 0.347367 0.0269275
21 0.413161 0.350653 0.0243795
22 0.413161 0.352321 0.0240733
23 0.413161 0.356293 0.0232404
24 0.413161 0.359092 0.022385
25 0.413161 0.359092 0.022385
26 0.413161 0.360111 0.0216781
27 0.413161 0.360655 0.0210607
28 0.413161 0.361025 0.0206243
29 0.413161 0.361025 0.0206243
30 0.413161 0.361429 0.0201457
31 0.413161 0.362287 0.0195026
32 0.413161 0.362466 0.0192819
33 0.413161 0.362466 0.0192819
34 0.413161 0.36311 0.0188348
35 0.413161 0.363992 0.0184848
36 0.413161 0.364774 0.0180694
37 0.413161 0.364774 0.0180694
38 0.413161 0.365727 0.0177303
39 0.413161 0.365727 0.0177303
40 0.413161 0.365727 0.0177303
41 0.413161 0.367098 0.0178389
42 0.413161 0.368285 0.0179002
43 0.413161 0.369921 0.0167075
44 0.413161 0.370596 0.0163105
45 0.413161 0.370596 0.0163105
46 0.413161 0.370596 0.0163105
47 0.413161 0.37064 0.0162532
48 0.413161 0.372304 0.0155789
49 0.413161 0.372304 0.0155789
50 0.413161 0.373031 0.015132
51 0.413161 0.373031 0.015132
52 0.413161 0.373052 0.0150997
53 0.413161 0.373878 0.0143543
54 0.413161 0.374234 0.0139718
55 0.413161 0.374234 0.0139718
56 0.418172 0.375878 0.0151283
57 0.418172 0.376627 0.0147513
58 0.418172 0.376627 0.0147513
59 0.418172 0.376627 0.0147513
60 0.418172 0.376714 0.0146466
61 0.418172 0.376714 0.0146466
62 0.418172 0.37763 0.0140342
63 0.418172 0.37763 0.0140342
64 0.418172 0.37763 0.0140342
65 0.418172 0.37803 0.0137707
66 0.418172 0.380062 0.0137847
67 0.418172 0.380062 0.0137847
68 0.418172 0.380062 0.0137847
69 0.418172 0.380062 0.0137847
70 0.418172 0.380062 0.0137847
71 0.418172 0.380062 0.0137847
72 0.418172 0.380062 0.0137847
73 0.418172 0.380062 0.0137847
74 0.418172 0.380062 0.0137847
75 0.418172 0.380062 0.0137847
76 0.418172 0.381257 0.0142686
77 0.418172 0.382308 0.013847
78 0.418172 0.382308 0.013847
79 0.418172 0.382661 0.0135561
80 0.418172 0.382661 0.0135561
81 0.418172 0.383467 0.0129232
82 0.418172 0.383467 0.0129232
83 0.418172 0.384119 0.0127632
84 0.418172 0.384244 0.0126292
85 0.418172 0.384244 0.0126292
86 0.418172 0.384244 0.0126292
87 0.418172 0.384244 0.0126292
88 0.418172 0.385192 0.0122456
89 0.418172 0.385241 0.0121905
90 0.418172 0.385241 0.0121905
91 0.418172 0.385241 0.0121905
92 0.418172 0.385241 0.0121905
93 0.418172 0.385241 0.0121905
94 0.418172 0.385744 0.0118416
95 0.418172 0.386543 0.0115402
96 0.418172 0.386785 0.0113394
97 0.418172 0.387595 0.0115818
98 0.418172 0.387595 0.0115818
99 0.418172 0.387595 0.0115818
100 0.418172 0.387595 0.0115818
101 0.418172 0.388096 0.0114647
102 0.418172 0.388096 0.0114647
103 0.418172 0.38837 0.0112508
104 0.418172 0.38837 0.0112508
105 0.418172 0.38837 0.0112508
106 0.418172 0.38903 0.0112734
107 0.418172 0.38903 0.0112734
108 0.418172 0.38903 0.0112734
109 0.418172 0.38903 0.0112734
110 0.418172 0.38903 0.0112734
111 0.418172 0.38903 0.0112734
112 0.418172 0.38903 0.0112734
113 0.418172 0.38903 0.0112734
114 0.418172 0.38903 0.0112734
115 0.418172 0.38903 0.0112734
116 0.418172 0.38903 0.0112734
117 0.418172 0.38903 0.0112734
118 0.418172 0.38903 0.0112734
119 0.418172 0.38903 0.0112734
120 0.418172 0.38903 0.0112734
121 0.418172 0.38903 0.0112734
122 0.418172 0.389644 0.0112246
123 0.418172 0.389644 0.0112246
124 0.418172 0.389644 0.0112246
125 0.418172 0.389644 0.0112246
126 0.418172 0.389725 0.0111407
127 0.418172 0.389774 0.0110871
128 0.418172 0.389774 0.0110871
129 0.418172 0.389774 0.0110871
130 0.418172 0.390394 0.010938
131 0.418172 0.390394 0.010938
132 0.418172 0.390394 0.010938
133 0.418172 0.390394 0.010938
134 0.418172 0.390394 0.010938
135 0.418172 0.390394 0.010938
136 0.418172 0.390394 0.010938
137 0.418172 0.390394 0.010938
138 0.418172 0.390394 0.010938
139 0.418172 0.390394 0.010938
140 0.418172 0.390491 0.0108427
141 0.418799 0.392211 0.0115162
142 0.418799 0.392211 0.0115162
143 0.418799 0.393004 0.0116179
144 0.418799 0.393004 0.0116179
145 0.418799 0.393004 0.0116179
146 0.418799 0.393004 0.0116179
147 0.418799 0.393251 0.0114126
148 0.418799 0.393708 0.0112058
149 0.418799 0.393708 0.0112058
150 0.418799 0.393899 0.0110281
151 0.418799 0.393899 0.0110281
152 0.418799 0.393956 0.0109637
153 0.418799 0.393956 0.0109637
154 0.418799 0.393956 0.0109637
155 0.418799 0.393956 0.0109637
156 0.418799 0.394599 0.0109326
157 0.418799 0.394599 0.0109326
158 0.418799 0.394599 0.0109326
159 0.418799 0.394599 0.0109326
160 0.418799 0.394758 0.010784
161 0.418799 0.394758 0.010784
162 0.418799 0.394758 0.010784
163 0.418799 0.394758 0.010784
164 0.418799 0.394758 0.010784
165 0.418799 0.394792 0.010743
166 0.418799 0.394792 0.010743
167 0.418799 0.394792 0.010743
168 0.418799 0.394792 0.010743
169 0.418799 0.394869 0.0106594
170 0.418799 0.394869 0.0106594
171 0.418799 0.394869 0.0106594
172 0.418799 0.394869 0.0106594
173 0.418799 0.394869 0.0106594
174 0.418799 0.394869 0.0106594
175 0.418799 0.395101 0.0104679
176 0.418799 0.39538 0.010259
177 0.418799 0.395561 0.010083
178 0.418799 0.395561 0.010083
179 0.418799 0.395561 0.010083
180 0.418799 0.395561 0.010083
181 0.418799 0.395561 0.010083
182 0.418799 0.39597 0.0098824
183 0.418799 0.39632 0.00954892
184 0.418799 0.39632 0.00954892
185 0.418799 0.39632 0.00954892
186 0.418799 0.396942 0.00951697
187 0.418799 0.397273 0.00928596
188 0.418799 0.397273 0.00928596
189 0.418799 0.397273 0.00928596
190 0.418799 0.397273 0.00928596
191 0.418799 0.397969 0.00935075
192 0.418799 0.397969 0.00935075
193 0.418799 0.397969 0.00935075
194 0.418799 0.397969 0.00935075
195 0.418799 0.399323 0.00935937
196 0.418799 0.399323 0.00935937
197 0.418799 0.399323 0.00935937
198 0.418799 0.399323 0.00935937
199 0.418799 0.399323 0.00935937
200 0.418799 0.399323 0.00935937
