1 0.000683775 0.000120969 0.000174878
2 0.0698802 0.00350021 0.0128114
3 0.0698802 0.0107849 0.0181477
4 0.103843 0.0266609 0.0235708
5 0.103843 0.0502028 0.0230404
6 0.103843 0.0655183 0.0173796
7 0.114068 0.0798991 0.0132773
8 0.114068 0.0834203 0.0110633
9 0.133825 0.0891099 0.0122977
10 0.133825 0.0915129 0.0118009
11 0.133825 0.0939491 0.0107097
12 0.134686 0.102359 0.0121864
13 0.134686 0.10413 0.011617
14 0.134686 0.110383 0.00918278
15 0.142798 0.114783 0.00924844
16 0.142798 0.119871 0.00924555
17 0.154502 0.124468 0.0102744
18 0.173916 0.133201 0.0115568
19 0.173916 0.135842 0.010012
20 0.173916 0.13889 0.0113116
21 0.17527 0.149662 0.0139746
22 0.17527 0.159665 0.00959891
23 0.186355 0.166476 0.00687065
24 0.186355 0.169197 0.00537461
25 0.193682 0.173409 0.00742298
26 0.193682 0.176987 0.00732976
27 0.193682 0.179923 0.00698148
28 0.193682 0.181178 0.00655441
29 0.209972 0.184211 0.00692708
30 0.209972 0.185118 0.00647526
31 0.209972 0.187435 0.00632366
32 0.209972 0.190725 0.00711591
33 0.209972 0.191652 0.00679867
34 0.216661 0.193962 0.00768388
35 0.217092 0.196294 0.00793694
36 0.230789 0.200192 0.0087909
37 0.230789 0.202141 0.00850822
38 0.230789 0.204262 0.00756682
39 0.235493 0.209038 0.0107681
40 0.239549 0.213186 0.0112638
41 0.259144 0.218098 0.014174
42 0.259144 0.224042 0.0122979
43 0.259144 0.228234 0.0115547
44 0.259144 0.23108 0.0108685
45 0.259144 0.234133 0.0103606
46 0.259144 0.237175 0.00843239
47 0.259144 0.239752 0.00787129
48 0.282693 0.24291 0.0105594
49 0.282693 0.24554 0.0110771
50 0.282693 0.249952 0.0103993
51 0.282693 0.254002 0.00994589
52 0.282693 0.256331 0.0101043
53 0.282693 0.258483 0.00941985
54 0.282693 0.259216 0.00901731
55 0.282693 0.26088 0.00857082
56 0.282693 0.263942 0.00734936
57 0.282693 0.264837 0.00688337
58 0.292834 0.268023 0.00868734
59 0.292834 0.269973 0.00781967
60 0.292834 0.271553 0.00759859
61 0.292834 0.272723 0.00741294
62 0.292834 0.274272 0.00697994
63 0.292834 0.27485 0.00676747
64 0.292834 0.274961 0.0066689
65 0.292834 0.275898 0.00682216
66 0.292834 0.276194 0.00657091
67 0.292834 0.276255 0.00651575
68 0.292834 0.276949 0.00624798
69 0.292834 0.277195 0.0061231
70 0.293865 0.278615 0.00687397
71 0.293865 0.279326 0.00659848
72 0.293865 0.279546 0.00642835
73 0.293865 0.279899 0.00616946
74 0.293865 0.280288 0.0059162
75 0.293865 0.280308 0.00588977
76 0.298618 0.281403 0.00632318
77 0.298618 0.281451 0.00626831
78 0.298618 0.281451 0.00626831
79 0.298618 0.281803 0.00613653
80 0.298618 0.28196 0.00599511
81 0.298618 0.282657 0.00609278
82 0.298618 0.283576 0.00579185
83 0.298618 0.283978 0.00550916
84 0.298618 0.284797 0.00541763
85 0.298618 0.285112 0.00526865
86 0.298618 0.286421 0.00522867
87 0.304891 0.289659 0.0066265
88 0.304891 0.291569 0.00613485
89 0.304891 0.293595 0.00585609
90 0.304891 0.294516 0.0052452
91 0.310088 0.297748 0.00521878
92 0.310088 0.298868 0.00491584
93 0.321357 0.302299 0.00656724
94 0.332032 0.308047 0.00815041
95 0.337815 0.312432 0.00797012
96 0.338719 0.315342 0.00806647
97 0.341856 0.317452 0.00869638
98 0.341856 0.31891 0.00826829
99 0.341856 0.320562 0.0077178
100 0.354423 0.323092 0.00934337
101 0.354423 0.324007 0.00925018
102 0.397147 0.328417 0.0153622
103 0.397147 0.330967 0.0181437
104 0.397147 0.331502 0.0178763
105 0.397147 0.334763 0.0183709
106 0.397147 0.335687 0.0178435
107 0.397147 0.338219 0.0174992
108 0.397147 0.341147 0.0173556
109 0.397147 0.341172 0.0173341
110 0.397147 0.344185 0.0177074
111 0.412072 0.350033 0.0215089
112 0.412072 0.350795 0.0209598
113 0.412072 0.354295 0.0209415
114 0.412072 0.361178 0.019662
115 0.412072 0.362997 0.0189855
116 0.412072 0.365425 0.0180271
117 0.412072 0.370301 0.0158278
118 0.412072 0.374007 0.0151197
119 0.412072 0.374225 0.014881
120 0.412072 0.375954 0.0143426
121 0.412072 0.378159 0.0127355
122 0.412072 0.380281 0.0116262
123 0.412072 0.381991 0.010093
124 0.412072 0.385246 0.00943657
125 0.412072 0.385246 0.00943657
126 0.412072 0.385959 0.00901502
127 0.412072 0.386723 0.0090309
128 0.412072 0.387345 0.00858513
129 0.412072 0.387345 0.00858513
130 0.412072 0.388162 0.00838165
131 0.412072 0.388313 0.00823158
132 0.432984 0.390609 0.0110534
133 0.432984 0.391955 0.0117724
134 0.432984 0.39392 0.0117862
135 0.432984 0.397057 0.0115509
136 0.46155 0.40252 0.015994
137 0.46155 0.411326 0.01456
138 0.46155 0.418959 0.0171233
139 0.46155 0.420524 0.0163989
140 0.46155 0.422031 0.0155371
141 0.46155 0.424975 0.013746
142 0.46155 0.427589 0.013444
143 0.46155 0.428519 0.0133728
144 0.46155 0.428519 0.0133728
145 0.46155 0.428519 0.0133728
146 0.46155 0.430089 0.0124638
147 0.46155 0.430116 0.0124343
148 0.46155 0.431825 0.0117719
149 0.46155 0.434223 0.0110363
150 0.46155 0.437961 0.0104731
151 0.46155 0.438946 0.00970585
152 0.46155 0.439929 0.00983759
153 0.46155 0.443086 0.00956242
154 0.46155 0.4433 0.00937519
155 0.46155 0.443767 0.00893514
156 0.46155 0.443767 0.00893514
157 0.46155 0.445438 0.00804947
158 0.46155 0.446521 0.00794951
159 0.46155 0.446906 0.0077455
160 0.465529 0.449244 0.00773259
161 0.465529 0.450247 0.00749973
162 0.467559 0.453065 0.00729825
163 0.467895 0.454945 0.00682048
164 0.467895 0.454945 0.00682048
165 0.467895 0.456545 0.0059545
166 0.467895 0.456985 0.00581742
167 0.468956 0.457759 0.00587314
168 0.468956 0.457801 0.0058202
169 0.470866 0.460522 0.00569108
170 0.470866 0.461323 0.00514597
171 0.474699 0.462445 0.00515373
172 0.474703 0.463132 0.00536456
173 0.474703 0.463132 0.00536456
174 0.474703 0.463187 0.00528549
175 0.474703 0.463619 0.00480263
176 0.482138 0.464594 0.00551388
177 0.482138 0.464982 0.00531019
178 0.482138 0.465008 0.00528431
179 0.482138 0.465131 0.00519663
180 0.482138 0.465196 0.00513806
181 0.482138 0.465466 0.00507537
182 0.482138 0.466089 0.00480631
183 0.482138 0.4664 0.0047361
184 0.482138 0.466703 0.00464998
185 0.482138 0.467557 0.0047587
186 0.482138 0.467737 0.0046136
187 0.482138 0.468023 0.00438875
188 0.482138 0.468085 0.00431309
189 0.482138 0.468085 0.00431309
190 0.482138 0.468995 0.00420074
191 0.482138 0.469465 0.00418429
192 0.482138 0.469465 0.00418429
193 0.482138 0.469541 0.00410311
194 0.482138 0.469819 0.00395192
195 0.482138 0.469874 0.0039001
196 0.482138 0.470089 0.0038264
197 0.482138 0.470089 0.0038264
198 0.482138 0.470192 0.00372419
199 0.482138 0.47062 0.00392299
200 0.482138 0.47062 0.00392299
201 0.482138 0.47062 0.00392299
202 0.482138 0.47072 0.00384262
203 0.482138 0.47072 0.00384262
204 0.482138 0.47072 0.00384262
205 0.482138 0.470766 0.00379962
206 0.482138 0.470789 0.00377558
207 0.482138 0.470789 0.00377558
208 0.482138 0.470789 0.00377558
209 0.482138 0.470789 0.00377558
210 0.482138 0.470789 0.00377558
211 0.482138 0.471209 0.00368792
212 0.482138 0.471451 0.00365715
213 0.482138 0.471802 0.00349622
214 0.482138 0.471882 0.0034253
215 0.482138 0.471882 0.0034253
216 0.482138 0.472057 0.00328071
217 0.482138 0.472057 0.00328071
218 0.482138 0.472057 0.00328071
219 0.482138 0.472057 0.00328071
220 0.482138 0.472329 0.00327034
221 0.482138 0.472364 0.00322921
222 0.482138 0.472364 0.00322921
223 0.482138 0.472364 0.00322921
224 0.482138 0.472364 0.00322921
225 0.482138 0.472364 0.00322921
226 0.482138 0.472612 0.00318458
227 0.482138 0.472743 0.00307992
228 0.482138 0.472743 0.00307992
229 0.482138 0.472949 0.00302595
230 0.482138 0.472949 0.00302595
231 0.482138 0.472949 0.00302595
232 0.482138 0.473071 0.00293767
233 0.482138 0.47308 0.00292544
234 0.482138 0.473235 0.00284636
235 0.482138 0.473287 0.00279651
236 0.482138 0.473287 0.00279651
237 0.497872 0.474224 0.00516479
238 0.497872 0.474462 0.00512151
239 0.497872 0.474495 0.00509541
240 0.497872 0.474495 0.00509541
