-1.6 -1.6 0.2 0.2 0.0896875 0.0
-1.6 -1.4000000000000001 0.2 0.2 0.0896875 0.0
-1.6 -1.2000000000000002 0.2 0.2 0.09125 0.0
-1.6 -1.0 0.2 0.2 0.0928125 0.0
-1.6 -0.8 0.2 0.2 0.0928125 0.0
-1.6 -0.6000000000000001 0.2 0.2 0.0928125 0.0
-1.6 -0.3999999999999999 0.2 0.2 0.09125 0.0
-1.6 -0.19999999999999996 0.2 0.2 0.088125 0.0
-1.6 0.0 0.2 0.2 0.085 0.0
-1.6 0.19999999999999996 0.2 0.2 0.0803125 0.0
-1.6 0.3999999999999999 0.2 0.2 0.0959375 0.0
-1.6 0.6000000000000001 0.2 0.2 0.11 0.0
-1.6 0.8000000000000003 0.2 0.2 0.1225 0.0
-1.6 1.0 0.2 0.2 0.13343750000000001 0.0
-1.6 1.2000000000000002 0.2 0.2 0.13968750000000002 0.0
-1.6 1.4 0.2 0.2 0.14593750000000003 0.0
-1.4000000000000001 -1.6 0.2 0.2 0.09125 0.0
-1.4000000000000001 -1.4000000000000001 0.2 0.2 0.094375 0.0
-1.4000000000000001 -1.2000000000000002 0.2 0.2 0.0959375 0.0
-1.4000000000000001 -1.0 0.2 0.2 0.0975 0.0
-1.4000000000000001 -0.8 0.2 0.2 0.0975 0.0
-1.4000000000000001 -0.6000000000000001 0.2 0.2 0.0975 0.0
-1.4000000000000001 -0.3999999999999999 0.2 0.2 0.094375 0.0
-1.4000000000000001 -0.19999999999999996 0.2 0.2 0.0896875 0.0
-1.4000000000000001 0.0 0.2 0.2 0.0834375 0.0
-1.4000000000000001 0.19999999999999996 0.2 0.2 0.07875 0.0
-1.4000000000000001 0.3999999999999999 0.2 0.2 0.0928125 0.0
-1.4000000000000001 0.6000000000000001 0.2 0.2 0.10375 0.0
-1.4000000000000001 0.8000000000000003 0.2 0.2 0.1146875 0.0
-1.4000000000000001 1.0 0.2 0.2 0.1240625 0.0
-1.4000000000000001 1.2000000000000002 0.2 0.2 0.13187500000000002 0.0
-1.4000000000000001 1.4 0.2 0.2 0.1365625 0.0
-1.2000000000000002 -1.6 0.2 0.2 0.09125 0.0
-1.2000000000000002 -1.4000000000000001 0.2 0.2 0.094375 0.0
-1.2000000000000002 -1.2000000000000002 0.2 0.2 0.0959375 0.0
-1.2000000000000002 -1.0 0.2 0.2 0.0990625 0.0
-1.2000000000000002 -0.8 0.2 0.2 0.0990625 0.0
-1.2000000000000002 -0.6000000000000001 0.2 0.2 0.0975 0.0
-1.2000000000000002 -0.3999999999999999 0.2 0.2 0.0928125 0.0
-1.2000000000000002 -0.19999999999999996 0.2 0.2 0.0865625 0.0
-1.2000000000000002 0.0 0.2 0.2 0.07875 0.0
-1.2000000000000002 0.19999999999999996 0.2 0.2 0.075625 0.0
-1.2000000000000002 0.3999999999999999 0.2 0.2 0.0865625 0.0
-1.2000000000000002 0.6000000000000001 0.2 0.2 0.0975 0.0
-1.2000000000000002 0.8000000000000003 0.2 0.2 0.106875 0.0
-1.2000000000000002 1.0 0.2 0.2 0.1146875 0.0
-1.2000000000000002 1.2000000000000002 0.2 0.2 0.1209375 0.0
-1.2000000000000002 1.4 0.2 0.2 0.12562500000000001 0.0
-1.0 -1.6 0.2 0.2 0.088125 0.0
-1.0 -1.4000000000000001 0.2 0.2 0.09125 0.0
-1.0 -1.2000000000000002 0.2 0.2 0.094375 0.0
-1.0 -1.0 0.2 0.2 0.0959375 0.0
-1.0 -0.8 0.2 0.2 0.0959375 0.0
-1.0 -0.6000000000000001 0.2 0.2 0.094375 0.0
-1.0 -0.3999999999999999 0.2 0.2 0.088125 0.0
-1.0 -0.19999999999999996 0.2 0.2 0.0803125 0.0
-1.0 0.0 0.2 0.2 0.0709375 0.0
-1.0 0.19999999999999996 0.2 0.2 0.069375 0.0
-1.0 0.3999999999999999 0.2 0.2 0.07875 0.0
-1.0 0.6000000000000001 0.2 0.2 0.088125 0.0
-1.0 0.8000000000000003 0.2 0.2 0.0959375 0.0
-1.0 1.0 0.2 0.2 0.10375 0.0
-1.0 1.2000000000000002 0.2 0.2 0.11 0.0
-1.0 1.4 0.2 0.2 0.11625 0.0
-0.8 -1.6 0.2 0.2 0.081875 0.0
-0.8 -1.4000000000000001 0.2 0.2 0.085 0.0
-0.8 -1.2000000000000002 0.2 0.2 0.0896875 0.0
-0.8 -1.0 0.2 0.2 0.09125 0.0
-0.8 -0.8 0.2 0.2 0.09125 0.0
-0.8 -0.6000000000000001 0.2 0.2 0.088125 0.0
-0.8 -0.3999999999999999 0.2 0.2 0.0803125 0.0
-0.8 -0.19999999999999996 0.2 0.2 0.0709375 0.0
-0.8 0.0 0.2 0.2 0.0584375 0.0
-0.8 0.19999999999999996 0.2 0.2 0.063125 0.0
-0.8 0.3999999999999999 0.2 0.2 0.0709375 0.0
-0.8 0.6000000000000001 0.2 0.2 0.07718749999999999 0.0
-0.8 0.8000000000000003 0.2 0.2 0.085 0.0
-0.8 1.0 0.2 0.2 0.09125 0.0
-0.8 1.2000000000000002 0.2 0.2 0.0975 0.0
-0.8 1.4 0.2 0.2 0.10375 0.0
-0.6000000000000001 -1.6 0.2 0.2 0.0725 0.0
-0.6000000000000001 -1.4000000000000001 0.2 0.2 0.07718749999999999 0.0
-0.6000000000000001 -1.2000000000000002 0.2 0.2 0.0803125 0.0
-0.6000000000000001 -1.0 0.2 0.2 0.081875 0.0
-0.6000000000000001 -0.8 0.2 0.2 0.081875 0.0
-0.6000000000000001 -0.6000000000000001 0.2 0.2 0.07718749999999999 0.0
-0.6000000000000001 -0.3999999999999999 0.2 0.2 0.069375 0.0
-0.6000000000000001 -0.19999999999999996 0.2 0.2 0.0584375 0.0
-0.6000000000000001 0.0 0.2 0.2 0.0490625 0.0
-0.6000000000000001 0.19999999999999996 0.2 0.2 0.05531250000000001 0.0
-0.6000000000000001 0.3999999999999999 0.2 0.2 0.060000000000000005 0.0
-0.6000000000000001 0.6000000000000001 0.2 0.2 0.06625 0.0
-0.6000000000000001 0.8000000000000003 0.2 0.2 0.0725 0.0
-0.6000000000000001 1.0 0.2 0.2 0.07875 0.0
-0.6000000000000001 1.2000000000000002 0.2 0.2 0.0865625 0.0
-0.6000000000000001 1.4 0.2 0.2 0.0928125 0.0
-0.3999999999999999 -1.6 0.2 0.2 0.063125 0.0
-0.3999999999999999 -1.4000000000000001 0.2 0.2 0.06625 0.0
-0.3999999999999999 -1.2000000000000002 0.2 0.2 0.069375 0.0
-0.3999999999999999 -1.0 0.2 0.2 0.0709375 0.0
-0.3999999999999999 -0.8 0.2 0.2 0.069375 0.0
-0.3999999999999999 -0.6000000000000001 0.2 0.2 0.0646875 0.0
-0.3999999999999999 -0.3999999999999999 0.2 0.2 0.056875 0.0
-0.3999999999999999 -0.19999999999999996 0.2 0.2 0.044375000000000005 0.0
-0.3999999999999999 0.0 0.2 0.2 0.04125 0.0
-0.3999999999999999 0.19999999999999996 0.2 0.2 0.045937500000000006 0.0
-0.3999999999999999 0.3999999999999999 0.2 0.2 0.050625 0.0
-0.3999999999999999 0.6000000000000001 0.2 0.2 0.05531250000000001 0.0
-0.3999999999999999 0.8000000000000003 0.2 0.2 0.061562500000000006 0.0
-0.3999999999999999 1.0 0.2 0.2 0.0678125 0.0
-0.3999999999999999 1.2000000000000002 0.2 0.2 0.075625 0.0
-0.3999999999999999 1.4 0.2 0.2 0.0834375 0.0
-0.19999999999999996 -1.6 0.2 0.2 0.050625 0.0
-0.19999999999999996 -1.4000000000000001 0.2 0.2 0.05531250000000001 0.0
-0.19999999999999996 -1.2000000000000002 0.2 0.2 0.056875 0.0
-0.19999999999999996 -1.0 0.2 0.2 0.0584375 0.0
-0.19999999999999996 -0.8 0.2 0.2 0.05531250000000001 0.0
-0.19999999999999996 -0.6000000000000001 0.2 0.2 0.050625 0.0
-0.19999999999999996 -0.3999999999999999 0.2 0.2 0.04125 0.0
-0.19999999999999996 -0.19999999999999996 0.2 0.2 0.028750000000000005 0.0
-0.19999999999999996 0.0 0.2 0.2 0.031875 0.0
-0.19999999999999996 0.19999999999999996 0.2 0.2 0.036562500000000005 0.0
-0.19999999999999996 0.3999999999999999 0.2 0.2 0.0396875 0.0
-0.19999999999999996 0.6000000000000001 0.2 0.2 0.056875 0.0
-0.19999999999999996 0.8000000000000003 0.2 0.2 0.0709375 0.0
-0.19999999999999996 1.0 0.2 0.2 0.085 0.0
-0.19999999999999996 1.2000000000000002 0.2 0.2 0.094375 0.0
-0.19999999999999996 1.4 0.2 0.2 0.1021875 0.0
0.0 -1.6 0.2 0.2 0.052187500000000005 0.0
0.0 -1.4000000000000001 0.2 0.2 0.0428125 0.0
0.0 -1.2000000000000002 0.2 0.2 0.0428125 0.0
0.0 -1.0 0.2 0.2 0.0428125 0.0
0.0 -0.8 0.2 0.2 0.04125 0.0
0.0 -0.6000000000000001 0.2 0.2 0.035 0.0
0.0 -0.3999999999999999 0.2 0.2 0.0240625 0.0
0.0 -0.19999999999999996 0.2 0.2 0.0209375 0.0
0.0 0.0 0.2 0.2 0.0240625 0.0
0.0 0.19999999999999996 0.2 0.2 0.04125 0.0
0.0 0.3999999999999999 0.2 0.2 0.060000000000000005 0.0
0.0 0.6000000000000001 0.2 0.2 0.075625 0.0
0.0 0.8000000000000003 0.2 0.2 0.09125 0.0
0.0 1.0 0.2 0.2 0.10375 0.0
0.0 1.2000000000000002 0.2 0.2 0.1146875 0.0
0.0 1.4 0.2 0.2 0.1209375 0.0
0.19999999999999996 -1.6 0.2 0.2 0.052187500000000005 0.0
0.19999999999999996 -1.4000000000000001 0.2 0.2 0.044375000000000005 0.0
0.19999999999999996 -1.2000000000000002 0.2 0.2 0.035 0.0
0.19999999999999996 -1.0 0.2 0.2 0.028750000000000005 0.0
0.19999999999999996 -0.8 0.2 0.2 0.025625000000000002 0.0
0.19999999999999996 -0.6000000000000001 0.2 0.2 0.017812500000000002 0.0
0.19999999999999996 -0.3999999999999999 0.2 0.2 0.01 0.0
0.19999999999999996 -0.19999999999999996 0.2 0.2 0.0240625 0.0
0.19999999999999996 0.0 0.2 0.2 0.04125 0.0
0.19999999999999996 0.19999999999999996 0.2 0.2 0.0584375 0.0
0.19999999999999996 0.3999999999999999 0.2 0.2 0.07718749999999999 0.0
0.19999999999999996 0.6000000000000001 0.2 0.2 0.0928125 0.0
0.19999999999999996 0.8000000000000003 0.2 0.2 0.1084375 0.0
0.19999999999999996 1.0 0.2 0.2 0.1209375 0.0
0.19999999999999996 1.2000000000000002 0.2 0.2 0.13187500000000002 0.0
0.19999999999999996 1.4 0.2 0.2 0.13812500000000003 0.0
0.3999999999999999 -1.6 0.2 0.2 0.052187500000000005 0.0
0.3999999999999999 -1.4000000000000001 0.2 0.2 0.045937500000000006 0.0
0.3999999999999999 -1.2000000000000002 0.2 0.2 0.0396875 0.0
0.3999999999999999 -1.0 0.2 0.2 0.0334375 0.0
0.3999999999999999 -0.8 0.2 0.2 0.025625000000000002 0.0
0.3999999999999999 -0.6000000000000001 0.2 0.2 0.0209375 0.0
0.3999999999999999 -0.3999999999999999 0.2 0.2 0.028750000000000005 0.0
0.3999999999999999 -0.19999999999999996 0.2 0.2 0.0428125 0.0
0.3999999999999999 0.0 0.2 0.2 0.0584375 0.0
0.3999999999999999 0.19999999999999996 0.2 0.2 0.07718749999999999 0.0
0.3999999999999999 0.3999999999999999 0.2 0.2 0.094375 0.0
0.3999999999999999 0.6000000000000001 0.2 0.2 0.1115625 0.0
0.3999999999999999 0.8000000000000003 0.2 0.2 0.12562500000000001 0.0
0.3999999999999999 1.0 0.2 0.2 0.13812500000000003 0.0
0.3999999999999999 1.2000000000000002 0.2 0.2 0.14906250000000001 0.0
0.3999999999999999 1.4 0.2 0.2 0.15531250000000002 0.0
0.6000000000000001 -1.6 0.2 0.2 0.050625 0.0
0.6000000000000001 -1.4000000000000001 0.2 0.2 0.04750000000000001 0.0
0.6000000000000001 -1.2000000000000002 0.2 0.2 0.0428125 0.0
0.6000000000000001 -1.0 0.2 0.2 0.0396875 0.0
0.6000000000000001 -0.8 0.2 0.2 0.035 0.0
0.6000000000000001 -0.6000000000000001 0.2 0.2 0.036562500000000005 0.0
0.6000000000000001 -0.3999999999999999 0.2 0.2 0.04750000000000001 0.0
0.6000000000000001 -0.19999999999999996 0.2 0.2 0.061562500000000006 0.0
0.6000000000000001 0.0 0.2 0.2 0.07875 0.0
0.6000000000000001 0.19999999999999996 0.2 0.2 0.0959375 0.0
0.6000000000000001 0.3999999999999999 0.2 0.2 0.113125 0.0
0.6000000000000001 0.6000000000000001 0.2 0.2 0.12875 0.0
0.6000000000000001 0.8000000000000003 0.2 0.2 0.144375 0.0
0.6000000000000001 1.0 0.2 0.2 0.15687500000000001 0.0
0.6000000000000001 1.2000000000000002 0.2 0.2 0.16625 0.0
0.6000000000000001 1.4 0.2 0.2 0.17250000000000001 0.0
0.8000000000000003 -1.6 0.2 0.2 0.04750000000000001 0.0
0.8000000000000003 -1.4000000000000001 0.2 0.2 0.04750000000000001 0.0
0.8000000000000003 -1.2000000000000002 0.2 0.2 0.04750000000000001 0.0
0.8000000000000003 -1.0 0.2 0.2 0.045937500000000006 0.0
0.8000000000000003 -0.8 0.2 0.2 0.045937500000000006 0.0
0.8000000000000003 -0.6000000000000001 0.2 0.2 0.05531250000000001 0.0
0.8000000000000003 -0.3999999999999999 0.2 0.2 0.06625 0.0
0.8000000000000003 -0.19999999999999996 0.2 0.2 0.0803125 0.0
0.8000000000000003 0.0 0.2 0.2 0.0975 0.0
0.8000000000000003 0.19999999999999996 0.2 0.2 0.1146875 0.0
0.8000000000000003 0.3999999999999999 0.2 0.2 0.13187500000000002 0.0
0.8000000000000003 0.6000000000000001 0.2 0.2 0.14750000000000002 0.0
0.8000000000000003 0.8000000000000003 0.2 0.2 0.16156250000000003 0.0
0.8000000000000003 1.0 0.2 0.2 0.1740625 0.0
0.8000000000000003 1.2000000000000002 0.2 0.2 0.18343750000000003 0.0
0.8000000000000003 1.4 0.2 0.2 0.1896875 0.0
1.0 -1.6 0.2 0.2 0.044375000000000005 0.0
1.0 -1.4000000000000001 0.2 0.2 0.04750000000000001 0.0
1.0 -1.2000000000000002 0.2 0.2 0.0490625 0.0
1.0 -1.0 0.2 0.2 0.050625 0.0
1.0 -0.8 0.2 0.2 0.060000000000000005 0.0
1.0 -0.6000000000000001 0.2 0.2 0.0725 0.0
1.0 -0.3999999999999999 0.2 0.2 0.085 0.0
1.0 -0.19999999999999996 0.2 0.2 0.0990625 0.0
1.0 0.0 0.2 0.2 0.1146875 0.0
1.0 0.19999999999999996 0.2 0.2 0.13187500000000002 0.0
1.0 0.3999999999999999 0.2 0.2 0.14750000000000002 0.0
1.0 0.6000000000000001 0.2 0.2 0.16312500000000002 0.0
1.0 0.8000000000000003 0.2 0.2 0.17718750000000003 0.0
1.0 1.0 0.2 0.2 0.18812500000000001 0.0
1.0 1.2000000000000002 0.2 0.2 0.1975 0.0
1.0 1.4 0.2 0.2 0.20375000000000001 0.0
1.2000000000000002 -1.6 0.2 0.2 0.038125 0.0
1.2000000000000002 -1.4000000000000001 0.2 0.2 0.044375000000000005 0.0
1.2000000000000002 -1.2000000000000002 0.2 0.2 0.050625 0.0
1.2000000000000002 -1.0 0.2 0.2 0.061562500000000006 0.0
1.2000000000000002 -0.8 0.2 0.2 0.0740625 0.0
1.2000000000000002 -0.6000000000000001 0.2 0.2 0.0865625 0.0
1.2000000000000002 -0.3999999999999999 0.2 0.2 0.0990625 0.0
1.2000000000000002 -0.19999999999999996 0.2 0.2 0.113125 0.0
1.2000000000000002 0.0 0.2 0.2 0.1303125 0.0
1.2000000000000002 0.19999999999999996 0.2 0.2 0.14593750000000003 0.0
1.2000000000000002 0.3999999999999999 0.2 0.2 0.16156250000000003 0.0
1.2000000000000002 0.6000000000000001 0.2 0.2 0.17562500000000003 0.0
1.2000000000000002 0.8000000000000003 0.2 0.2 0.1896875 0.0
1.2000000000000002 1.0 0.2 0.2 0.20062500000000003 0.0
1.2000000000000002 1.2000000000000002 0.2 0.2 0.21000000000000002 0.0
1.2000000000000002 1.4 0.2 0.2 0.21625000000000003 0.0
1.4 -1.6 0.2 0.2 0.031875 0.0
1.4 -1.4000000000000001 0.2 0.2 0.0428125 0.0
1.4 -1.2000000000000002 0.2 0.2 0.05531250000000001 0.0
1.4 -1.0 0.2 0.2 0.069375 0.0
1.4 -0.8 0.2 0.2 0.0834375 0.0
1.4 -0.6000000000000001 0.2 0.2 0.0975 0.0
1.4 -0.3999999999999999 0.2 0.2 0.1115625 0.0
1.4 -0.19999999999999996 0.2 0.2 0.12562500000000001 0.0
1.4 0.0 0.2 0.2 0.14125000000000001 0.0
1.4 0.19999999999999996 0.2 0.2 0.15687500000000001 0.0
1.4 0.3999999999999999 0.2 0.2 0.17250000000000001 0.0
1.4 0.6000000000000001 0.2 0.2 0.18656250000000002 0.0
1.4 0.8000000000000003 0.2 0.2 0.19906250000000003 0.0
1.4 1.0 0.2 0.2 0.20843750000000003 0.0
1.4 1.2000000000000002 0.2 0.2 0.21781250000000002 0.0
1.4 1.4 0.2 0.2 0.22406250000000003 0.0
-0.51588 1.2032 0.071265 0.14753 0.14753 0.14753 0.0
-0.1078 0.95563 0.026489999999999986 0.08298 0.08298 0.08298 0.0
-0.62445 -1.01978 0.07371 0.16492 0.16492 0.16492 0.0
0.97397 0.01748 0.05531249999999999 0.08125 0.08125 0.08125 0.0
1.08719 0.45005 0.14637000000000003 0.16649 0.16649 0.16649 0.0
1.07475 0.27311 0.091895 0.12004 0.12004 0.12004 0.0
0.08391 -0.64687 0.0540525 0.19748 0.19748 0.19748 0.0
-0.04201 0.59447 -0.01217 0.05566 0.05566 0.05566 0.0
0.38396 -0.08791 0.0028725 0.12012 0.12012 0.12012 0.0
0.41845 -0.52085 0.01543 0.17336 0.17336 0.17336 0.0
-1.39134 0.36324 0.054487499999999994 0.12335 0.12335 0.12335 0.0
-0.157 0.3506 0.03193749999999998 0.172 0.172 0.172 0.0
0.02756 0.68828 0.05631 0.13012 0.13012 0.13012 0.0
1.2579 1.32755 0.17650000000000002 0.1205 0.1205 0.1205 0.0
0.10193 -1.35802 0.014652499999999999 0.11868 0.11868 0.11868 0.0
-0.46403 -1.30571 0.02134749999999999 0.08832 0.08832 0.08832 0.0
-0.49817 -0.94041 0.07081000000000001 0.15912 0.15912 0.15912 0.0
0.34611 -1.28022 0.008097500000000007 0.12432 0.12432 0.12432 0.0
-1.32815 -0.1263 0.0825725 0.18577 0.18577 0.18577 0.0
-0.90267 -1.10661 0.07249249999999999 0.15311 0.15311 0.15311 0.0
-1.35656 1.25183 0.1079975 0.13662 0.13662 0.13662 0.0
0.9989 0.49046 0.12336 0.15172 0.15172 0.15172 0.0
-1.35862 0.4403 0.030452499999999993 0.06903 0.06903 0.06903 0.0
-0.94126 -1.13722 0.02178999999999999 0.05483 0.05483 0.05483 0.0
0.96785 0.43621 0.13068500000000002 0.16637 0.16637 0.16637 0.0
0.73089 0.50575 0.11254 0.16133 0.16133 0.16133 0.0
0.89477 -1.06708 0.005212499999999995 0.1123 0.1123 0.1123 0.0
0.45302 -0.83109 0.035282499999999994 0.19119 0.19119 0.19119 0.0
0.63972 -1.2612 0.03358 0.17216 0.17216 0.17216 0.0
0.86455 -1.07397 0.0254625 0.1528 0.1528 0.1528 0.0
1.25669 0.51997 0.08778250000000001 0.05244 0.05244 0.05244 0.0
-0.58153 0.19593 0.0022375000000000034 0.0876 0.0876 0.0876 0.0
0.44208 0.31917 0.0048174999999999885 0.05526 0.05526 0.05526 0.0
-1.25976 -1.2636 0.0787225 0.16557 0.16557 0.16557 0.0
0.59929 0.19806 0.048469999999999985 0.13944 0.13944 0.13944 0.0
-0.39498 -0.12884 0.02527749999999998 0.13368 0.13368 0.13368 0.0
-0.90495 0.06696 -0.0030475000000000085 0.05203 0.05203 0.05203 0.0
1.16775 0.02773 0.06508249999999999 0.06954 0.06954 0.06954 0.0
-0.40011 -0.62748 0.036979999999999985 0.11021 0.11021 0.11021 0.0
0.85758 -0.84953 0.050515000000000004 0.19978 0.19978 0.19978 0.0
-1.38861 1.39049 0.1223525 0.16533 0.16533 0.16533 0.0
-1.30243 0.99788 0.04926749999999999 0.05041 0.05041 0.05041 0.0
0.42986 0.57459 0.054192500000000005 0.08526 0.08526 0.08526 0.0
-1.13306 1.13535 0.1204125 0.1927 0.1927 0.1927 0.0
0.21246 -0.82104 0.0002324999999999966 0.11484 0.11484 0.11484 0.0
0.31089 -0.77648 -0.020004999999999995 0.10874 0.10874 0.10874 0.0
0.44734 -0.43651 -0.01235 0.1178 0.1178 0.1178 0.0
0.6248 0.9417 0.11716500000000002 0.12058 0.12058 0.12058 0.0
-0.25431 -1.09868 0.05805249999999998 0.15548 0.15548 0.15548 0.0
-1.38582 -0.79386 0.08790499999999998 0.18081 0.18081 0.18081 0.0
0.07528 0.39782 0.07194 0.02388 0.02388 0.02388 110.0
-0.84838 0.61502 0.0946175 0.03486 0.03486 0.03486 110.0
0.54648 -0.43269 0.07015500000000001 0.04531 0.04531 0.04531 110.0
0.45248 -0.02841 0.0723675 0.02786 0.02786 0.02786 110.0
-0.60948 0.35053 0.08122 0.04244 0.04244 0.04244 110.0
-0.24878 -0.5941 0.074725 0.0482 0.0482 0.0482 110.0
-0.34614 -0.42298 0.07425000000000001 0.03475 0.03475 0.03475 110.0
-0.60443 -0.83866 0.09527000000000001 0.02679 0.02679 0.02679 110.0
-0.64651 -0.02313 0.0709775 0.04383 0.04383 0.04383 110.0
0.38335 0.38867 0.11653 0.04431 0.04431 0.04431 110.0
0.21311 0.6031 0.10723250000000001 0.02884 0.02884 0.02884 110.0
0.55023 0.02037 0.09953000000000001 0.04156 0.04156 0.04156 110.0
-0.76246 0.56182 0.0978125 0.04125 0.04125 0.04125 110.0
-0.57479 -0.59555 0.10029749999999998 0.04622 0.04622 0.04622 110.0
-0.80214 -0.18735 0.0898675 0.03786 0.03786 0.03786 110.0
0.16697 0.41863 0.09335249999999999 0.03233 0.03233 0.03233 110.0
-0.22975 0.45858 0.0538825 0.02839 0.02839 0.02839 110.0
-0.82548 -0.61282 0.11077 0.04529 0.04529 0.04529 110.0
0.13296 0.5688 0.10322250000000001 0.02082 0.02082 0.02082 110.0
-0.83586 0.16822 0.07595 0.02565 0.02565 0.02565 110.0
-0.01963 -0.78398 0.05951 0.03652 0.03652 0.03652 110.0
-0.41676 -0.85149 0.085785 0.03282 0.03282 0.03282 110.0
-0.36041 0.39697 0.069275 0.0373 0.0373 0.0373 110.0
-0.04584 -0.66625 0.05151 0.03302 0.03302 0.03302 110.0
0.6007 -0.24875 0.0748425 0.02656 0.02656 0.02656 110.0
0.5745 -0.55347 0.056997500000000006 0.04087 0.04087 0.04087 110.0
-0.4072 -0.24367 0.06182 0.03489 0.03489 0.03489 110.0
0.2234 -0.43974 0.031265 0.04253 0.04253 0.04253 110.0
-0.40821 0.61042 0.0760075 0.04139 0.04139 0.04139 110.0
0.55864 -0.37908 0.06252500000000001 0.03005 0.03005 0.03005 110.0
0.04859 -0.86214 0.057385000000000005 0.03227 0.03227 0.03227 110.0
-0.63372 0.42236 0.07791000000000001 0.03582 0.03582 0.03582 110.0
0.04664 0.57277 0.09603 0.04081 0.04081 0.04081 110.0
0.60955 0.60109 0.144035 0.03057 0.03057 0.03057 110.0
-0.185 -0.83793 0.0725225 0.03442 0.03442 0.03442 110.0
-0.38638 -0.43611 0.07853 0.04331 0.04331 0.04331 110.0
-0.60861 0.56858 0.084215 0.03593 0.03593 0.03593 110.0
-0.25872 -0.83751 0.07484750000000001 0.03907 0.03907 0.03907 110.0
-0.6677 -0.46837 0.07970500000000001 0.02066 0.02066 0.02066 110.0
0.64971 -0.22752 0.0844375 0.04575 0.04575 0.04575 110.0
0.26873 -0.6522 0.0278925 0.02016 0.02016 0.02016 110.0
0.55098 -0.65322 0.051937500000000004 0.03075 0.03075 0.03075 110.0
-0.32265 0.05537 0.051975 0.02145 0.02145 0.02145 110.0
-0.84244 -0.66687 0.10134 0.02643 0.02643 0.02643 110.0
0.64586 -0.12726 0.0735475 0.02397 0.02397 0.02397 110.0
-0.37476 -0.37233 0.07668 0.03961 0.03961 0.03961 110.0
-0.65044 -0.18601 0.0746425 0.03241 0.03241 0.03241 110.0
-0.39805 0.41011 0.06582 0.03039 0.03039 0.03039 110.0
0.15874 -0.75151 0.047695 0.04414 0.04414 0.04414 110.0
0.58924 0.43389 0.132735 0.03922 0.03922 0.03922 110.0