1 0.28705 0.189035 0.0526439
2 0.294272 0.216652 0.0351333
3 0.31148 0.231646 0.0348067
4 0.31148 0.252429 0.0349516
5 0.311481 0.266955 0.0311956
6 0.311481 0.277502 0.0269217
7 0.311484 0.289027 0.0214287
8 0.31688 0.303933 0.0100058
9 0.318501 0.309715 0.00443155
10 0.318501 0.311172 0.0032181
11 0.362175 0.314658 0.00930489
12 0.362175 0.315728 0.00911028
13 0.362175 0.317007 0.00889413
14 0.362175 0.319049 0.00816779
15 0.362175 0.320184 0.00783182
16 0.362175 0.320325 0.00780392
17 0.362175 0.320381 0.00779294
18 0.362175 0.320488 0.00777307
19 0.362175 0.320641 0.00774144
20 0.362175 0.320743 0.00773273
21 0.362175 0.320938 0.00769656
22 0.362175 0.321152 0.00765495
23 0.362175 0.321306 0.00762625
24 0.362175 0.321341 0.00761881
25 0.362175 0.32176 0.00770437
26 0.362175 0.321824 0.00768581
27 0.362175 0.322241 0.00773299
28 0.362175 0.322672 0.00770985
29 0.362175 0.322693 0.00770218
30 0.362175 0.32279 0.0076827
31 0.362175 0.322979 0.00767381
32 0.362175 0.323264 0.00762746
33 0.362175 0.323423 0.00758079
34 0.362175 0.323633 0.00750954
35 0.362175 0.323762 0.00747726
36 0.362175 0.323866 0.00744463
37 0.362175 0.323953 0.00741324
38 0.362175 0.324231 0.00733481
39 0.362175 0.324366 0.00729046
40 0.362175 0.324419 0.00727206
41 0.362175 0.324493 0.00724964
42 0.362175 0.324646 0.00722682
43 0.362175 0.324802 0.00720635
44 0.362175 0.324802 0.00720635
45 0.362175 0.325012 0.00718219
46 0.362175 0.325266 0.00719041
47 0.362175 0.325266 0.00719041
48 0.362175 0.325266 0.00719041
49 0.362175 0.325379 0.00715846
50 0.362175 0.325379 0.00715846
51 0.362175 0.325379 0.00715846
52 0.362175 0.325591 0.00710588
53 0.362175 0.325601 0.00710088
54 0.362175 0.325621 0.00709184
55 0.362175 0.325651 0.00707809
56 0.362175 0.325692 0.00705976
57 0.362175 0.325703 0.00705447
58 0.362175 0.325772 0.00703216
59 0.362175 0.325937 0.00699736
60 0.362175 0.325937 0.00699736
61 0.362175 0.325937 0.00699736
62 0.362175 0.325963 0.0069861
63 0.362175 0.325963 0.0069861
64 0.362175 0.325963 0.0069861
65 0.362175 0.326014 0.00696669
66 0.362175 0.326014 0.00696669
67 0.362175 0.326081 0.00694341
68 0.362175 0.326318 0.00688899
69 0.362175 0.326442 0.00686059
70 0.362175 0.326506 0.0068326
71 0.362175 0.326579 0.00680653
72 0.362175 0.326662 0.006779
73 0.362175 0.326714 0.00675828
74 0.362175 0.326767 0.00673563
75 0.362175 0.326767 0.00673563
76 0.362175 0.326894 0.00669804
77 0.362175 0.326894 0.00669804
78 0.362175 0.326894 0.00669804
79 0.362175 0.327052 0.00665862
80 0.362175 0.327052 0.00665862
81 0.362175 0.327076 0.00664922
82 0.362175 0.327184 0.00661926
83 0.362175 0.327676 0.00660168
84 0.362175 0.327676 0.00660168
85 0.362175 0.327776 0.00657076
86 0.362175 0.327776 0.00657076
87 0.362175 0.327776 0.00657076
88 0.362175 0.327846 0.00655056
89 0.362175 0.327846 0.00655056
90 0.362175 0.327846 0.00655056
91 0.362175 0.327846 0.00655056
92 0.362175 0.327916 0.0065299
93 0.362175 0.327916 0.0065299
94 0.362175 0.328029 0.00650711
95 0.362175 0.32804 0.00650258
96 0.362175 0.328205 0.00645965
97 0.362175 0.328241 0.00644607
98 0.362175 0.328241 0.00644607
99 0.362175 0.328414 0.00640763
100 0.362175 0.328414 0.00640763
101 0.362175 0.328531 0.00638618
102 0.362175 0.328531 0.00638618
103 0.362175 0.329524 0.00797426
104 0.362175 0.329719 0.00794447
105 0.362175 0.329745 0.00793307
106 0.362175 0.330028 0.00785205
107 0.362175 0.330154 0.00781259
108 0.362175 0.330221 0.00779084
