1 0.370384 0.0780258 0.0713068
2 0.370384 0.114618 0.0673533
3 0.370384 0.137645 0.0672255
4 0.387202 0.170092 0.069443
5 0.387202 0.199285 0.0638143
6 0.387202 0.215049 0.0604731
7 0.494736 0.24374 0.0688672
8 0.494736 0.261757 0.0641256
9 0.494736 0.282322 0.0633511
10 0.494736 0.299453 0.0593649
11 0.494736 0.312515 0.0553019
12 0.494736 0.324907 0.0542447
13 0.494736 0.328672 0.0514786
14 0.494736 0.337354 0.0491209
15 0.494736 0.343816 0.0463069
16 0.494736 0.350156 0.0458835
17 0.494736 0.358494 0.0428755
18 0.494736 0.361788 0.040167
19 0.494736 0.373258 0.0400002
20 0.553018 0.381094 0.0453
21 0.553018 0.383218 0.0443701
22 0.553018 0.38852 0.0422642
23 0.553018 0.391411 0.0408555
24 0.553018 0.394018 0.0412175
25 0.553018 0.399957 0.0411113
26 0.553018 0.402005 0.0397889
27 0.553018 0.405072 0.0406986
28 0.553018 0.405777 0.0402089
29 0.553018 0.409867 0.0407993
30 0.553018 0.410995 0.0398791
31 0.553018 0.413822 0.0403471
32 0.553018 0.416743 0.0391371
33 0.553018 0.419871 0.0376914
34 0.553018 0.421683 0.0368608
35 0.553018 0.422772 0.0359241
36 0.553018 0.423757 0.0352018
37 0.553018 0.425092 0.0350136
38 0.553018 0.43117 0.0359495
39 0.553018 0.431402 0.0357058
40 0.553018 0.433064 0.034661
41 0.553018 0.435121 0.033401
42 0.553018 0.439041 0.0333721
43 0.553018 0.441677 0.033762
44 0.553018 0.442055 0.0333911
45 0.553018 0.445867 0.0338701
46 0.553018 0.445867 0.0338701
47 0.553018 0.445867 0.0338701
48 0.553018 0.44649 0.0333753
49 0.553018 0.44649 0.0333753
50 0.553018 0.45022 0.0324543
51 0.553018 0.45022 0.0324543
52 0.553018 0.45022 0.0324543
53 0.553018 0.451169 0.0320839
54 0.553018 0.451169 0.0320839
55 0.553018 0.453142 0.0328161
56 0.553018 0.454737 0.0328669
57 0.553018 0.456175 0.0319711
58 0.553018 0.456194 0.0319479
59 0.553018 0.457029 0.0312416
60 0.553018 0.457158 0.031097
61 0.553018 0.460521 0.031815
62 0.553018 0.460521 0.031815
63 0.553018 0.461532 0.0313572
64 0.553018 0.461532 0.0313572
65 0.553018 0.463447 0.0305606
66 0.553018 0.463447 0.0305606
67 0.553018 0.463447 0.0305606
68 0.553018 0.464068 0.0300314
69 0.553018 0.464068 0.0300314
70 0.553018 0.465501 0.0289893
71 0.553018 0.465501 0.0289893
72 0.553018 0.465772 0.0286765
73 0.553018 0.465809 0.0286279
74 0.553018 0.468562 0.0277395
75 0.553018 0.468562 0.0277395
76 0.553018 0.468669 0.027619
77 0.553018 0.470512 0.0283799
78 0.553018 0.471402 0.0279532
79 0.553018 0.471402 0.0279532
80 0.553018 0.471759 0.0275625
81 0.553018 0.473984 0.0266267
82 0.553018 0.473984 0.0266267
83 0.553018 0.474599 0.0262628
84 0.553018 0.475155 0.0258866
85 0.553018 0.476565 0.0254974
86 0.553018 0.478411 0.0253079
87 0.553018 0.478411 0.0253079
88 0.553018 0.479881 0.0254886
89 0.553018 0.479881 0.0254886
90 0.553018 0.481059 0.0252496
91 0.553018 0.481633 0.0247669
92 0.553018 0.482565 0.024097
93 0.553018 0.482858 0.0237783
94 0.553018 0.484006 0.0229847
95 0.553018 0.484974 0.0226779
96 0.553018 0.484974 0.0226779
97 0.553018 0.484974 0.0226779
98 0.553018 0.484974 0.0226779
99 0.553018 0.484974 0.0226779
100 0.553018 0.484974 0.0226779
101 0.553018 0.485508 0.0222398
102 0.553018 0.485508 0.0222398
103 0.553018 0.486043 0.0217942
104 0.553018 0.487082 0.0215892
105 0.553018 0.487082 0.0215892
106 0.553018 0.487082 0.0215892
107 0.553018 0.487082 0.0215892
108 0.56156 0.489187 0.0235309
109 0.56156 0.489891 0.0228755
110 0.56156 0.489891 0.0228755
111 0.56156 0.489891 0.0228755
112 0.56156 0.489891 0.0228755
113 0.56156 0.490219 0.0225465
114 0.56156 0.490716 0.0221675
115 0.56156 0.491667 0.0216931
116 0.56156 0.492121 0.0213433
117 0.56156 0.492352 0.0211007
118 0.56156 0.492352 0.0211007
119 0.56156 0.492927 0.0207461
120 0.56156 0.492927 0.0207461
121 0.56156 0.492927 0.0207461
122 0.56156 0.492927 0.0207461
123 0.56156 0.492927 0.0207461
124 0.56156 0.492927 0.0207461
125 0.56156 0.492927 0.0207461
126 0.56156 0.492927 0.0207461
127 0.56156 0.492927 0.0207461
128 0.56156 0.494439 0.021441
129 0.56156 0.494439 0.021441
130 0.56156 0.49536 0.0208835
131 0.56156 0.496367 0.0205295
132 0.56156 0.496371 0.0205235
133 0.56156 0.496371 0.0205235
134 0.56156 0.496392 0.0204992
135 0.56156 0.496392 0.0204992
136 0.56156 0.496392 0.0204992
137 0.56156 0.496392 0.0204992
138 0.56156 0.496869 0.0202005
139 0.56156 0.496869 0.0202005
140 0.56156 0.497646 0.0199899
141 0.56156 0.498034 0.0196832
142 0.56156 0.498116 0.0195911
143 0.56156 0.498116 0.0195911
144 0.56156 0.498116 0.0195911
145 0.56156 0.499961 0.0206395
146 0.56156 0.499961 0.0206395
147 0.56156 0.499961 0.0206395
148 0.56156 0.501909 0.0198642
149 0.56156 0.501917 0.0198538
150 0.56156 0.502844 0.019336
151 0.56156 0.502844 0.019336
152 0.56156 0.502844 0.019336
153 0.56156 0.502844 0.019336
154 0.56156 0.502844 0.019336
155 0.56156 0.502844 0.019336
156 0.56156 0.504001 0.0188411
157 0.56156 0.504001 0.0188411
158 0.56156 0.504001 0.0188411
159 0.56156 0.504001 0.0188411
160 0.56156 0.504001 0.0188411
161 0.56156 0.504001 0.0188411
162 0.56156 0.504001 0.0188411
163 0.56156 0.504669 0.0185993
164 0.56156 0.504669 0.0185993
165 0.56156 0.504669 0.0185993
166 0.56156 0.504669 0.0185993
167 0.56156 0.504669 0.0185993
168 0.56156 0.504669 0.0185993
169 0.56156 0.505831 0.017968
170 0.56156 0.506544 0.0177466
171 0.56156 0.506544 0.0177466
172 0.56156 0.507317 0.0176712
173 0.56156 0.507597 0.0174484
174 0.56156 0.507597 0.0174484
175 0.56156 0.507597 0.0174484
176 0.56156 0.507597 0.0174484
177 0.56156 0.507597 0.0174484
178 0.56156 0.507597 0.0174484
179 0.56156 0.507597 0.0174484
180 0.56156 0.507597 0.0174484
181 0.56156 0.507597 0.0174484
182 0.56156 0.507597 0.0174484
183 0.56156 0.507597 0.0174484
184 0.56156 0.507597 0.0174484
185 0.56156 0.507597 0.0174484
186 0.56156 0.507597 0.0174484
187 0.56156 0.507597 0.0174484
188 0.56156 0.507597 0.0174484
189 0.56156 0.507597 0.0174484
190 0.56156 0.508211 0.0169678
191 0.56156 0.508211 0.0169678
192 0.56156 0.508211 0.0169678
193 0.56156 0.509535 0.0163229
194 0.56156 0.509535 0.0163229
195 0.56156 0.509535 0.0163229
196 0.56156 0.509535 0.0163229
197 0.56156 0.509535 0.0163229
198 0.56156 0.509535 0.0163229
199 0.56156 0.509535 0.0163229
200 0.56156 0.509874 0.0160884
201 0.56156 0.509874 0.0160884
202 0.56156 0.510886 0.0164412
203 0.56156 0.51097 0.0163542
204 0.56156 0.51097 0.0163542
205 0.56156 0.51097 0.0163542
206 0.56156 0.511177 0.0161809
207 0.56156 0.511177 0.0161809
208 0.56156 0.511177 0.0161809
209 0.56156 0.511177 0.0161809
210 0.56156 0.511177 0.0161809
211 0.56156 0.511177 0.0161809
212 0.56156 0.511177 0.0161809
213 0.56156 0.511177 0.0161809
214 0.56156 0.511177 0.0161809
215 0.56156 0.511177 0.0161809
216 0.56156 0.511177 0.0161809
217 0.56156 0.511782 0.0160938
218 0.56156 0.511782 0.0160938
219 0.56156 0.511782 0.0160938
220 0.56156 0.511782 0.0160938
221 0.56156 0.512148 0.0158943
222 0.56156 0.512766 0.015806
223 0.56156 0.513461 0.0157677
224 0.56156 0.513461 0.0157677
225 0.56156 0.513698 0.0155762
226 0.56156 0.513698 0.0155762
227 0.56156 0.513698 0.0155762
228 0.56156 0.513698 0.0155762
229 0.56156 0.513698 0.0155762
230 0.56156 0.513698 0.0155762
231 0.56156 0.514913 0.0164493
232 0.56156 0.514913 0.0164493
233 0.56156 0.514913 0.0164493
234 0.56156 0.514913 0.0164493
235 0.56156 0.514913 0.0164493
236 0.56156 0.515326 0.0160863
237 0.56156 0.515326 0.0160863
238 0.56156 0.515814 0.0158647
239 0.56156 0.515814 0.0158647
240 0.56156 0.516011 0.0156798
241 0.56156 0.516011 0.0156798
242 0.56156 0.516011 0.0156798
243 0.56156 0.516774 0.0156694
244 0.56156 0.516885 0.0155682
245 0.56156 0.516885 0.0155682
246 0.56156 0.516885 0.0155682
247 0.56156 0.516885 0.0155682
248 0.56156 0.517318 0.0153948
249 0.56156 0.517318 0.0153948
250 0.56156 0.517318 0.0153948
251 0.56156 0.517318 0.0153948
252 0.56156 0.517318 0.0153948
253 0.56156 0.517318 0.0153948
254 0.56156 0.517318 0.0153948
255 0.56156 0.517318 0.0153948
256 0.56156 0.517318 0.0153948
257 0.56156 0.517318 0.0153948
258 0.56156 0.51767 0.015207
259 0.56156 0.51767 0.015207
260 0.56156 0.518323 0.0151858
261 0.56156 0.518323 0.0151858
262 0.56156 0.518323 0.0151858
263 0.56156 0.518323 0.0151858
264 0.56156 0.518323 0.0151858
265 0.56156 0.518323 0.0151858
266 0.56156 0.51849 0.0150445
267 0.56156 0.518632 0.0149183
268 0.56156 0.519531 0.0152403
269 0.56156 0.519531 0.0152403
270 0.56156 0.520526 0.0156907
271 0.56156 0.520526 0.0156907
272 0.56156 0.520526 0.0156907
273 0.56156 0.520526 0.0156907
274 0.56156 0.520526 0.0156907
275 0.56156 0.520526 0.0156907
276 0.56156 0.520526 0.0156907
277 0.56156 0.520863 0.0154813
278 0.56156 0.521592 0.0154841
279 0.56156 0.521592 0.0154841
280 0.56156 0.522402 0.0155722
281 0.56156 0.522402 0.0155722
282 0.56156 0.522402 0.0155722
283 0.56156 0.522868 0.0153852
284 0.56156 0.522868 0.0153852
285 0.56156 0.522868 0.0153852
286 0.56156 0.522868 0.0153852
287 0.56156 0.522868 0.0153852
288 0.56156 0.523073 0.0152182
289 0.56156 0.523073 0.0152182
290 0.56156 0.523073 0.0152182
291 0.56156 0.523073 0.0152182
292 0.56156 0.523073 0.0152182
293 0.56156 0.523073 0.0152182
294 0.56156 0.523073 0.0152182
295 0.56156 0.523073 0.0152182
296 0.56156 0.523073 0.0152182
297 0.56156 0.523946 0.015079
298 0.56156 0.523946 0.015079
299 0.56156 0.523946 0.015079
300 0.56156 0.523946 0.015079
301 0.56156 0.523946 0.015079
302 0.56156 0.523946 0.015079
303 0.56156 0.523946 0.015079
304 0.56156 0.523946 0.015079
305 0.56156 0.523946 0.015079
306 0.56156 0.524132 0.0149146
307 0.56156 0.524132 0.0149146
308 0.56156 0.524132 0.0149146
309 0.56156 0.52421 0.0148313
310 0.56156 0.52421 0.0148313
311 0.56156 0.52421 0.0148313
312 0.56156 0.52421 0.0148313
313 0.56156 0.52421 0.0148313
314 0.56156 0.524625 0.0146277
315 0.56156 0.524625 0.0146277
316 0.596052 0.526406 0.0175103
317 0.596052 0.526406 0.0175103
318 0.596052 0.526642 0.0173353
319 0.596052 0.526642 0.0173353
320 0.596052 0.526642 0.0173353
321 0.596052 0.526642 0.0173353
322 0.596052 0.527092 0.0171431
323 0.596052 0.527092 0.0171431
324 0.596052 0.527092 0.0171431
325 0.596052 0.527092 0.0171431
326 0.596052 0.528105 0.017518
327 0.596052 0.528308 0.0173518
328 0.596052 0.528308 0.0173518
329 0.596052 0.528308 0.0173518
330 0.596052 0.528308 0.0173518
331 0.596052 0.528308 0.0173518
332 0.614491 0.530411 0.0209286
333 0.614491 0.530411 0.0209286
334 0.614491 0.530411 0.0209286
335 0.614491 0.530411 0.0209286
336 0.614491 0.530411 0.0209286
337 0.614491 0.530411 0.0209286
338 0.614491 0.530411 0.0209286
339 0.614491 0.530698 0.0207417
340 0.614491 0.530698 0.0207417
341 0.614491 0.530698 0.0207417
342 0.614491 0.530698 0.0207417
343 0.614491 0.530698 0.0207417
344 0.614491 0.530698 0.0207417
345 0.614491 0.530698 0.0207417
346 0.614491 0.531096 0.0205354
347 0.614491 0.531096 0.0205354
348 0.614491 0.531096 0.0205354
349 0.614491 0.531096 0.0205354
350 0.614491 0.531145 0.0204895
351 0.614491 0.531145 0.0204895
352 0.614491 0.531351 0.0203394
353 0.614491 0.531351 0.0203394
354 0.614491 0.531351 0.0203394
355 0.614491 0.531755 0.0201585
356 0.614491 0.532472 0.0201114
357 0.614491 0.532472 0.0201114
358 0.614491 0.532472 0.0201114
359 0.614491 0.532472 0.0201114
360 0.614491 0.532472 0.0201114
361 0.614491 0.532472 0.0201114
362 0.614491 0.532472 0.0201114
363 0.614491 0.532687 0.0199605
364 0.614491 0.532687 0.0199605
365 0.614491 0.533151 0.0197765
366 0.614491 0.533421 0.0195979
367 0.614491 0.533421 0.0195979
368 0.614491 0.533421 0.0195979
369 0.614491 0.533421 0.0195979
370 0.614491 0.533421 0.0195979
371 0.614491 0.533421 0.0195979
372 0.614491 0.533421 0.0195979
373 0.614491 0.533421 0.0195979
374 0.614491 0.533421 0.0195979
375 0.614491 0.533421 0.0195979
376 0.614491 0.53405 0.0194764
377 0.614491 0.53405 0.0194764
378 0.614491 0.53405 0.0194764
379 0.614491 0.53405 0.0194764
380 0.614491 0.53405 0.0194764
381 0.614491 0.53405 0.0194764
382 0.614491 0.53405 0.0194764
383 0.614491 0.53405 0.0194764
384 0.614491 0.53405 0.0194764
385 0.614491 0.53405 0.0194764
386 0.614491 0.53405 0.0194764
387 0.614491 0.53405 0.0194764
388 0.614491 0.534281 0.0193222
389 0.614491 0.534281 0.0193222
390 0.614491 0.534828 0.0191728
391 0.614491 0.534828 0.0191728
392 0.614491 0.534828 0.0191728
393 0.614491 0.534828 0.0191728
394 0.614491 0.534954 0.0190689
395 0.614491 0.534954 0.0190689
396 0.614491 0.534954 0.0190689
397 0.614491 0.534954 0.0190689
398 0.614491 0.534954 0.0190689
399 0.614491 0.535029 0.0190013
400 0.614491 0.535029 0.0190013
401 0.614491 0.535029 0.0190013
402 0.614491 0.535029 0.0190013
403 0.614491 0.535029 0.0190013
404 0.614491 0.535029 0.0190013
405 0.614491 0.535166 0.0188915
406 0.614491 0.535166 0.0188915
407 0.614491 0.535166 0.0188915
408 0.614491 0.535595 0.0187418
409 0.614491 0.535595 0.0187418
410 0.614491 0.535595 0.0187418
411 0.614491 0.535595 0.0187418
412 0.614491 0.535595 0.0187418
413 0.614491 0.535595 0.0187418
414 0.614491 0.535912 0.0185773
415 0.614491 0.535912 0.0185773
416 0.614491 0.536703 0.0186603
417 0.614491 0.536703 0.0186603
418 0.614491 0.536703 0.0186603
419 0.614491 0.536703 0.0186603
420 0.614491 0.536825 0.0185643
421 0.614491 0.536825 0.0185643
422 0.614491 0.536825 0.0185643
423 0.614491 0.537144 0.0183916
424 0.614491 0.537144 0.0183916
425 0.614491 0.537144 0.0183916
426 0.614491 0.537144 0.0183916
427 0.614491 0.537144 0.0183916
428 0.614491 0.537144 0.0183916
429 0.614491 0.537144 0.0183916
430 0.614491 0.537144 0.0183916
431 0.614491 0.537144 0.0183916
432 0.614491 0.537144 0.0183916
433 0.614491 0.537631 0.0182375
434 0.614491 0.537631 0.0182375
435 0.614491 0.537631 0.0182375
436 0.614491 0.537631 0.0182375
437 0.614491 0.537631 0.0182375
438 0.614491 0.537631 0.0182375
439 0.614491 0.537631 0.0182375
440 0.614491 0.537631 0.0182375
441 0.614491 0.537645 0.0182239
442 0.614491 0.537645 0.0182239
443 0.614491 0.537645 0.0182239
444 0.614491 0.537911 0.0180586
445 0.614491 0.538421 0.0179103
446 0.614491 0.538421 0.0179103
447 0.614491 0.538421 0.0179103
448 0.614491 0.538421 0.0179103
449 0.614491 0.538421 0.0179103
450 0.614491 0.538421 0.0179103
451 0.614491 0.538421 0.0179103
452 0.614491 0.538421 0.0179103
453 0.614491 0.538421 0.0179103
454 0.614491 0.538421 0.0179103
455 0.614491 0.538421 0.0179103
456 0.614491 0.538421 0.0179103
457 0.614491 0.538421 0.0179103
458 0.614491 0.538473 0.0178617
459 0.614491 0.539302 0.0179689
460 0.614491 0.539302 0.0179689
461 0.614491 0.539302 0.0179689
462 0.614491 0.539302 0.0179689
463 0.614491 0.539302 0.0179689
464 0.614491 0.539547 0.017801
465 0.614491 0.539547 0.017801
466 0.614491 0.540864 0.0188243
467 0.614491 0.540864 0.0188243
468 0.614491 0.540864 0.0188243
469 0.614491 0.540864 0.0188243
470 0.614491 0.540864 0.0188243
471 0.614491 0.540864 0.0188243
472 0.614491 0.540864 0.0188243
473 0.614491 0.540864 0.0188243
474 0.614491 0.540864 0.0188243
475 0.614491 0.540864 0.0188243
476 0.614491 0.540864 0.0188243
477 0.614491 0.540864 0.0188243
478 0.614491 0.540864 0.0188243
479 0.614491 0.540864 0.0188243
480 0.614491 0.540864 0.0188243
481 0.614491 0.540864 0.0188243
482 0.614491 0.540864 0.0188243
483 0.614491 0.540864 0.0188243
484 0.614491 0.540864 0.0188243
485 0.614491 0.540864 0.0188243
486 0.614491 0.540864 0.0188243
487 0.614491 0.540864 0.0188243
488 0.614491 0.540864 0.0188243
489 0.614491 0.540864 0.0188243
490 0.614491 0.540864 0.0188243
491 0.614491 0.54102 0.0186968
492 0.614491 0.54102 0.0186968
493 0.614491 0.542161 0.0188927
494 0.614491 0.542375 0.0187379
495 0.614491 0.542375 0.0187379
496 0.614491 0.543157 0.0187673
497 0.614491 0.543157 0.0187673
498 0.614491 0.543157 0.0187673
499 0.614491 0.543157 0.0187673
500 0.614491 0.543223 0.0187062
501 0.614491 0.543223 0.0187062
502 0.614491 0.543223 0.0187062
503 0.614491 0.543514 0.0185215
504 0.614491 0.543514 0.0185215
505 0.614491 0.543514 0.0185215
506 0.614491 0.543514 0.0185215
507 0.614491 0.543514 0.0185215
508 0.614491 0.543514 0.0185215
509 0.614491 0.543514 0.0185215
510 0.614491 0.543514 0.0185215
511 0.614491 0.543601 0.0184419
512 0.614491 0.543601 0.0184419
513 0.614491 0.543601 0.0184419
514 0.614491 0.543601 0.0184419
515 0.614491 0.543601 0.0184419
516 0.614491 0.543601 0.0184419
517 0.614491 0.543601 0.0184419
518 0.614491 0.543601 0.0184419
519 0.614491 0.543601 0.0184419
520 0.614491 0.543908 0.0182577
521 0.614491 0.543908 0.0182577
522 0.614491 0.543908 0.0182577
523 0.614491 0.543908 0.0182577
524 0.614491 0.543908 0.0182577
525 0.614491 0.543908 0.0182577
526 0.614491 0.543908 0.0182577
527 0.614491 0.543908 0.0182577
528 0.614491 0.544172 0.0180866
529 0.614491 0.544172 0.0180866
530 0.614491 0.544172 0.0180866
531 0.614491 0.544172 0.0180866
532 0.614491 0.544172 0.0180866
533 0.614491 0.544815 0.0180355
534 0.614491 0.544815 0.0180355
535 0.614491 0.544815 0.0180355
536 0.614491 0.544815 0.0180355
537 0.614491 0.544815 0.0180355
538 0.614491 0.544815 0.0180355
539 0.614491 0.544815 0.0180355
540 0.614491 0.544815 0.0180355
541 0.614491 0.544815 0.0180355
542 0.614491 0.544815 0.0180355
543 0.614491 0.544815 0.0180355
544 0.614491 0.544815 0.0180355
545 0.614491 0.544815 0.0180355
546 0.614491 0.544815 0.0180355
547 0.614491 0.544815 0.0180355
548 0.614491 0.544815 0.0180355
549 0.614491 0.544815 0.0180355
550 0.614491 0.544815 0.0180355
551 0.614491 0.544815 0.0180355
552 0.614491 0.544815 0.0180355
553 0.614491 0.544815 0.0180355
554 0.614491 0.544815 0.0180355
555 0.614491 0.544815 0.0180355
556 0.614491 0.544815 0.0180355
557 0.614491 0.544815 0.0180355
558 0.614491 0.544815 0.0180355
559 0.614491 0.544815 0.0180355
560 0.614491 0.544815 0.0180355
561 0.614491 0.544815 0.0180355
562 0.614491 0.544815 0.0180355
563 0.614491 0.544815 0.0180355
564 0.614491 0.544815 0.0180355
565 0.614491 0.544815 0.0180355
566 0.614491 0.544815 0.0180355
567 0.614491 0.544815 0.0180355
568 0.614491 0.544815 0.0180355
569 0.614491 0.544815 0.0180355
570 0.614491 0.544815 0.0180355
571 0.614491 0.545074 0.0178709
572 0.614491 0.545074 0.0178709
573 0.614491 0.545074 0.0178709
574 0.614491 0.545745 0.017818
575 0.614491 0.545745 0.017818
576 0.614491 0.545745 0.017818
577 0.614491 0.545745 0.017818
578 0.614491 0.545745 0.017818
579 0.614491 0.545745 0.017818
580 0.614491 0.545745 0.017818
581 0.614491 0.545745 0.017818
582 0.614491 0.545745 0.017818
583 0.614491 0.545745 0.017818
584 0.614491 0.545745 0.017818
585 0.614491 0.545745 0.017818
586 0.614491 0.545745 0.017818
587 0.614491 0.545745 0.017818
588 0.614491 0.545745 0.017818
589 0.614491 0.545745 0.017818
590 0.614491 0.545745 0.017818
591 0.614491 0.545745 0.017818
592 0.614491 0.545745 0.017818
593 0.614491 0.545745 0.017818
594 0.614491 0.545745 0.017818
595 0.614491 0.545745 0.017818
596 0.614491 0.545745 0.017818
597 0.614491 0.545745 0.017818
598 0.614491 0.545745 0.017818
599 0.614491 0.545745 0.017818
600 0.614491 0.546315 0.0176775
