1 0.000683775 0.00013187 0.000183282
2 0.0147376 0.00259543 0.00362835
3 0.129808 0.0287857 0.0346142
4 0.27355 0.0904399 0.0638976
5 0.285696 0.141435 0.0543058
6 0.285696 0.174915 0.056262
7 0.32279 0.20211 0.0514723
8 0.329487 0.242644 0.0436224
9 0.730366 0.316516 0.108887
10 0.730366 0.377986 0.122474
11 0.730366 0.443109 0.129796
12 0.730366 0.526864 0.116662
13 0.742228 0.613133 0.094603
14 0.770173 0.663145 0.0685649
15 0.940775 0.735438 0.0796621
16 1.07363 0.785412 0.0930078
17 1.08051 0.818919 0.112114
18 1.08051 0.842052 0.101314
19 1.08051 0.852 0.094376
20 1.08051 0.884319 0.0911185
21 1.12411 0.904526 0.0993259
22 1.12411 0.925343 0.0899811
23 1.12411 0.931798 0.0879147
24 1.12411 0.9385 0.0825498
25 1.12411 0.968255 0.0779822
26 1.12411 0.98076 0.0715689
27 1.44887 1.03072 0.117862
28 1.44887 1.04526 0.120335
29 1.44887 1.07912 0.12137
30 1.44887 1.10492 0.110825
31 1.64771 1.14159 0.156665
32 1.64771 1.16872 0.14328
33 1.64771 1.23386 0.152892
34 1.64771 1.29623 0.139975
35 1.64771 1.32379 0.140263
36 1.64771 1.36573 0.115292
37 1.78743 1.41661 0.141455
38 1.78743 1.41661 0.141455
39 1.78743 1.42717 0.135583
40 1.78743 1.42717 0.135583
41 1.78743 1.4579 0.125115
42 1.78743 1.47061 0.120907
43 1.78743 1.49394 0.111696
44 1.78743 1.49394 0.111696
45 1.79664 1.53993 0.113887
46 1.79664 1.55667 0.114968
47 1.79664 1.57252 0.0993172
48 1.79664 1.59116 0.0922298
49 1.79664 1.59116 0.0922298
50 1.79664 1.60335 0.095119
51 1.79664 1.6204 0.0887259
52 1.79664 1.64045 0.0832221
53 1.79664 1.64982 0.0825497
54 1.79664 1.65214 0.0803111
55 1.79664 1.65214 0.0803111
56 1.79664 1.65672 0.0772042
57 1.79664 1.6722 0.0708243
58 1.79664 1.67755 0.0667188
59 1.79664 1.67755 0.0667188
60 1.79664 1.67841 0.0654692
61 1.79664 1.69046 0.063362
62 1.79664 1.69046 0.063362
63 1.79664 1.69255 0.0607472
64 1.79664 1.69255 0.0607472
65 1.79664 1.6958 0.0576162
66 1.79664 1.69925 0.0541792
67 1.79664 1.69925 0.0541792
68 1.79664 1.69954 0.0537092
69 1.79664 1.70718 0.0480277
70 1.79664 1.71192 0.0451637
71 1.79664 1.71367 0.0432383
72 1.80982 1.72178 0.0452616
73 1.80982 1.72178 0.0452616
74 1.80982 1.72178 0.0452616
75 1.80982 1.72178 0.0452616
76 1.80982 1.72801 0.044848
77 1.83094 1.73608 0.0480145
78 1.83094 1.73772 0.0464507
79 1.83094 1.73979 0.0445542
80 1.83094 1.73979 0.0445542
81 1.83094 1.73979 0.0445542
82 1.83094 1.73979 0.0445542
83 1.83094 1.73979 0.0445542
84 1.90734 1.7512 0.055446
85 1.90734 1.7512 0.055446
86 1.90734 1.7512 0.055446
87 1.90734 1.7512 0.055446
88 1.90734 1.7512 0.055446
89 1.90734 1.7512 0.055446
90 1.90734 1.7512 0.055446
91 1.90734 1.7512 0.055446
92 1.90734 1.75887 0.0559164
93 1.90734 1.76518 0.0540702
94 1.90734 1.76518 0.0540702
95 1.90734 1.77292 0.0544306
96 1.90734 1.77292 0.0544306
97 1.90734 1.77292 0.0544306
98 1.90734 1.77292 0.0544306
99 1.90734 1.78123 0.0565028
100 1.96326 1.805 0.0618373
101 1.96326 1.805 0.0618373
102 1.96326 1.80853 0.0590038
103 1.96326 1.80853 0.0590038
104 1.96326 1.80853 0.0590038
105 1.96326 1.80853 0.0590038
106 1.96326 1.80853 0.0590038
107 1.96326 1.81703 0.0583233
108 1.96326 1.82499 0.0512009
109 1.96326 1.82651 0.0491025
110 1.96326 1.82651 0.0491025
111 1.96326 1.82651 0.0491025
112 1.96326 1.83007 0.0463763
113 1.96326 1.8383 0.0448748
114 1.96326 1.84437 0.0455082
115 1.96326 1.84437 0.0455082
116 1.96326 1.84437 0.0455082
117 1.96326 1.84437 0.0455082
118 1.96326 1.84682 0.0436589
119 1.96326 1.84706 0.0433685
120 1.96326 1.84706 0.0433685
121 1.96326 1.84706 0.0433685
122 1.96326 1.84785 0.0425709
123 1.96326 1.8531 0.0424064
124 1.96326 1.8531 0.0424064
125 1.96326 1.86029 0.0394002
126 1.96326 1.86766 0.039365
127 1.96326 1.86766 0.039365
128 1.96326 1.87359 0.0362468
129 1.96326 1.87359 0.0362468
130 1.96326 1.87359 0.0362468
131 1.96326 1.87359 0.0362468
132 1.96326 1.87964 0.0377312
133 1.96326 1.88295 0.0361865
134 1.96326 1.88295 0.0361865
135 1.96326 1.88403 0.0349887
136 1.96326 1.88403 0.0349887
137 1.96326 1.89046 0.0321626
138 2.17105 1.90689 0.0677229
139 2.17105 1.90952 0.0664327
140 2.17105 1.90952 0.0664327
141 2.17105 1.90997 0.0660917
142 2.17105 1.90997 0.0660917
143 2.17105 1.90997 0.0660917
144 2.17105 1.90997 0.0660917
145 2.17105 1.91702 0.0644679
146 2.17105 1.91704 0.0644491
147 2.17105 1.91704 0.0644491
148 2.17105 1.91704 0.0644491
149 2.17105 1.9182 0.0637473
150 2.17105 1.9182 0.0637473
151 2.17105 1.92449 0.0646112
152 2.17105 1.92449 0.0646112
153 2.17105 1.93712 0.071545
154 2.17105 1.94453 0.0727092
155 2.17105 1.94453 0.0727092
156 2.17105 1.9469 0.0712646
157 2.17105 1.9469 0.0712646
158 2.17105 1.9469 0.0712646
159 2.17105 1.95721 0.0770128
160 2.17105 1.96026 0.0756075
161 2.17105 1.96026 0.0756075
162 2.17105 1.96026 0.0756075
163 2.17105 1.96026 0.0756075
164 2.17105 1.96026 0.0756075
165 2.17105 1.96026 0.0756075
166 2.17105 1.96026 0.0756075
167 2.17105 1.96334 0.0742152
168 2.17105 1.96334 0.0742152
169 2.17105 1.96334 0.0742152
170 2.17105 1.96636 0.0727184
171 2.17105 1.96636 0.0727184
172 2.17105 1.96636 0.0727184
173 2.17105 1.96636 0.0727184
174 2.17105 1.97965 0.0831872
175 2.17916 1.99502 0.090533
176 2.17916 1.99502 0.090533
177 2.17916 1.99952 0.088271
178 2.17916 2.0031 0.0859175
179 2.17916 2.0031 0.0859175
180 2.17916 2.0122 0.085076
181 2.17916 2.0122 0.085076
182 2.17916 2.0122 0.085076
183 2.17916 2.01845 0.0821087
184 2.17916 2.0222 0.0798301
185 2.17916 2.0222 0.0798301
186 2.17916 2.0222 0.0798301
187 2.17916 2.0222 0.0798301
188 2.17916 2.0222 0.0798301
189 2.17916 2.0222 0.0798301
190 2.17916 2.0222 0.0798301
191 2.17916 2.02997 0.0786746
192 2.17916 2.02997 0.0786746
193 2.22301 2.0442 0.0861958
194 2.22301 2.0442 0.0861958
195 2.22301 2.0442 0.0861958
196 2.22301 2.0503 0.081511
197 2.22301 2.0503 0.081511
198 2.22301 2.05267 0.0793385
199 2.22301 2.05267 0.0793385
200 2.22301 2.05595 0.0766984
201 2.22301 2.05595 0.0766984
202 2.22301 2.05595 0.0766984
203 2.22301 2.05595 0.0766984
204 2.22301 2.05595 0.0766984
205 2.22301 2.05595 0.0766984
206 2.22301 2.05595 0.0766984
207 2.22301 2.05706 0.0754292
208 2.22301 2.05706 0.0754292
209 2.22301 2.05706 0.0754292
210 2.22301 2.05706 0.0754292
211 2.22301 2.05706 0.0754292
212 2.22301 2.05706 0.0754292
213 2.22301 2.05706 0.0754292
214 2.22301 2.05706 0.0754292
215 2.22301 2.05706 0.0754292
216 2.22301 2.05706 0.0754292
217 2.22301 2.05862 0.073783
218 2.22301 2.05862 0.073783
219 2.22301 2.05862 0.073783
220 2.22301 2.05862 0.073783
221 2.22301 2.05862 0.073783
222 2.22301 2.05862 0.073783
223 2.22301 2.05862 0.073783
224 2.22301 2.05862 0.073783
225 2.22301 2.05862 0.073783
226 2.22301 2.05862 0.073783
227 2.22301 2.05862 0.073783
228 2.22301 2.05862 0.073783
229 2.22301 2.05862 0.073783
230 2.22301 2.06619 0.0730836
231 2.22301 2.06672 0.0725014
232 2.22301 2.06672 0.0725014
233 2.22301 2.06672 0.0725014
234 2.22301 2.06848 0.0710359
235 2.22301 2.06848 0.0710359
236 2.22301 2.06851 0.0709966
237 2.22301 2.06851 0.0709966
238 2.22301 2.06851 0.0709966
239 2.22301 2.06851 0.0709966
240 2.31721 2.08475 0.0870676
241 2.31721 2.08475 0.0870676
242 2.31721 2.08475 0.0870676
243 2.31721 2.08475 0.0870676
244 2.31721 2.08717 0.0851337
245 2.31721 2.09759 0.0845489
246 2.31721 2.09759 0.0845489
247 2.31721 2.09759 0.0845489
248 2.31721 2.10031 0.0822587
249 2.31721 2.10143 0.0811455
250 2.31721 2.10143 0.0811455
251 2.31721 2.10143 0.0811455
252 2.31721 2.10143 0.0811455
253 2.31721 2.10143 0.0811455
254 2.31721 2.10759 0.078542
255 2.31721 2.10759 0.078542
256 2.31721 2.10759 0.078542
257 2.31721 2.10759 0.078542
258 2.31721 2.10759 0.078542
259 2.31721 2.11109 0.0762708
260 2.31721 2.11109 0.0762708
261 2.31721 2.11109 0.0762708
262 2.31721 2.11109 0.0762708
263 2.31721 2.11109 0.0762708
264 2.31721 2.11109 0.0762708
265 2.31721 2.11109 0.0762708
266 2.31721 2.11109 0.0762708
267 2.31721 2.11109 0.0762708
268 2.31721 2.11109 0.0762708
269 2.31721 2.11109 0.0762708
270 2.31721 2.11109 0.0762708
271 2.31721 2.11109 0.0762708
272 2.31721 2.11109 0.0762708
273 2.31721 2.11109 0.0762708
274 2.31721 2.11109 0.0762708
275 2.31721 2.11109 0.0762708
276 2.31721 2.11109 0.0762708
277 2.31721 2.11801 0.0744305
278 2.31721 2.11801 0.0744305
279 2.31721 2.11801 0.0744305
280 2.31721 2.11801 0.0744305
281 2.31721 2.11801 0.0744305
282 2.31721 2.11801 0.0744305
283 2.31721 2.11801 0.0744305
284 2.31721 2.11801 0.0744305
285 2.31721 2.11801 0.0744305
286 2.31721 2.11801 0.0744305
287 2.31721 2.11801 0.0744305
288 2.31721 2.11801 0.0744305
289 2.31721 2.11801 0.0744305
290 2.31721 2.11801 0.0744305
291 2.31721 2.12629 0.0729522
292 2.31721 2.13501 0.0713456
293 2.31721 2.13724 0.0687143
294 2.31721 2.13724 0.0687143
295 2.31721 2.13724 0.0687143
296 2.31721 2.13724 0.0687143
297 2.31721 2.13724 0.0687143
298 2.31721 2.14404 0.06505
299 2.31721 2.14404 0.06505
300 2.31721 2.14404 0.06505
301 2.31721 2.14404 0.06505
302 2.31721 2.15028 0.0607653
303 2.31721 2.15028 0.0607653
304 2.31721 2.15981 0.0601226
305 2.31721 2.15981 0.0601226
306 2.31721 2.15981 0.0601226
307 2.31721 2.15981 0.0601226
308 2.31721 2.15981 0.0601226
309 2.31721 2.15981 0.0601226
310 2.31721 2.16496 0.0570466
311 2.31721 2.16496 0.0570466
312 2.31721 2.16496 0.0570466
313 2.31721 2.16559 0.0562738
314 2.31721 2.16559 0.0562738
315 2.31721 2.16559 0.0562738
316 2.31721 2.16559 0.0562738
317 2.31721 2.16559 0.0562738
318 2.31721 2.16559 0.0562738
319 2.31721 2.16559 0.0562738
320 2.31721 2.16559 0.0562738
321 2.31721 2.16559 0.0562738
322 2.31721 2.16559 0.0562738
323 2.31721 2.16559 0.0562738
324 2.31721 2.16559 0.0562738
325 2.31721 2.16559 0.0562738
326 2.31721 2.16559 0.0562738
327 2.31721 2.16559 0.0562738
328 2.31721 2.16559 0.0562738
329 2.31721 2.16714 0.0545899
330 2.31721 2.16714 0.0545899
331 2.31721 2.16714 0.0545899
332 2.31721 2.16714 0.0545899
333 2.31721 2.16714 0.0545899
334 2.31721 2.16938 0.0523085
335 2.31721 2.16938 0.0523085
336 2.31721 2.16938 0.0523085
337 2.31721 2.16938 0.0523085
338 2.31721 2.16938 0.0523085
339 2.31721 2.16938 0.0523085
340 2.31721 2.16938 0.0523085
341 2.31721 2.16938 0.0523085
342 2.38196 2.18374 0.0671572
343 2.38196 2.18374 0.0671572
344 2.38196 2.18569 0.0651309
345 2.38196 2.18569 0.0651309
346 2.38196 2.18569 0.0651309
347 2.38196 2.18569 0.0651309
348 2.38196 2.18569 0.0651309
349 2.38196 2.18569 0.0651309
350 2.38196 2.18569 0.0651309
351 2.38196 2.18569 0.0651309
352 2.38196 2.18713 0.0635638
353 2.38196 2.18713 0.0635638
354 2.38196 2.18713 0.0635638
355 2.38196 2.18962 0.0619115
356 2.38196 2.19166 0.060598
357 2.38196 2.19166 0.060598
358 2.38196 2.19166 0.060598
359 2.38196 2.19166 0.060598
360 2.38196 2.19166 0.060598
361 2.38196 2.19166 0.060598
362 2.38196 2.19166 0.060598
363 2.38196 2.19166 0.060598
364 2.38196 2.19166 0.060598
365 2.38196 2.19166 0.060598
366 2.38196 2.19166 0.060598
367 2.38196 2.19166 0.060598
368 2.38196 2.19166 0.060598
369 2.38196 2.19166 0.060598
370 2.38196 2.19166 0.060598
371 2.38196 2.19166 0.060598
372 2.38196 2.19166 0.060598
373 2.38196 2.1925 0.0598633
374 2.38196 2.1925 0.0598633
375 2.38196 2.1925 0.0598633
376 2.38196 2.19665 0.0584139
377 2.38196 2.19665 0.0584139
378 2.38196 2.19665 0.0584139
379 2.38196 2.19665 0.0584139
380 2.38196 2.19665 0.0584139
381 2.38196 2.19665 0.0584139
382 2.38196 2.19665 0.0584139
383 2.38196 2.19665 0.0584139
384 2.38196 2.19665 0.0584139
385 2.38196 2.19665 0.0584139
386 2.38196 2.19665 0.0584139
387 2.38196 2.19665 0.0584139
388 2.38196 2.19665 0.0584139
389 2.38196 2.19665 0.0584139
390 2.38196 2.19665 0.0584139
391 2.38196 2.19665 0.0584139
392 2.38196 2.19665 0.0584139
393 2.38196 2.19665 0.0584139
394 2.38196 2.19665 0.0584139
395 2.38196 2.19665 0.0584139
396 2.38196 2.19665 0.0584139
397 2.38196 2.19665 0.0584139
398 2.38196 2.19665 0.0584139
399 2.38196 2.19665 0.0584139
400 2.38196 2.19665 0.0584139
401 2.38196 2.19665 0.0584139
402 2.38196 2.19665 0.0584139
403 2.38196 2.19665 0.0584139
404 2.38196 2.2062 0.0630561
405 2.38196 2.2062 0.0630561
406 2.38196 2.2062 0.0630561
407 2.38196 2.2062 0.0630561
408 2.38196 2.2062 0.0630561
409 2.38196 2.2062 0.0630561
410 2.38196 2.2062 0.0630561
411 2.38196 2.2062 0.0630561
412 2.38196 2.2062 0.0630561
413 2.38196 2.2062 0.0630561
414 2.38196 2.2062 0.0630561
415 2.38196 2.2062 0.0630561
416 2.38196 2.2062 0.0630561
417 2.38196 2.2062 0.0630561
418 2.38196 2.2062 0.0630561
419 2.38196 2.2062 0.0630561
420 2.38196 2.2062 0.0630561
421 2.38196 2.2062 0.0630561
422 2.38196 2.2062 0.0630561
423 2.38196 2.2062 0.0630561
424 2.38196 2.2062 0.0630561
425 2.38196 2.2062 0.0630561
426 2.38196 2.2062 0.0630561
427 2.38196 2.2062 0.0630561
428 2.38196 2.2062 0.0630561
429 2.38196 2.2062 0.0630561
430 2.38196 2.2062 0.0630561
431 2.38196 2.2062 0.0630561
432 2.38196 2.2062 0.0630561
433 2.38196 2.2062 0.0630561
434 2.38196 2.2062 0.0630561
435 2.38196 2.2062 0.0630561
436 2.38196 2.2062 0.0630561
437 2.38196 2.2062 0.0630561
438 2.38196 2.2062 0.0630561
439 2.38196 2.2062 0.0630561
440 2.38196 2.2062 0.0630561
441 2.38196 2.2062 0.0630561
442 2.38196 2.2062 0.0630561
443 2.38196 2.2062 0.0630561
444 2.38196 2.2062 0.0630561
445 2.38196 2.2062 0.0630561
446 2.38196 2.2062 0.0630561
447 2.38196 2.2062 0.0630561
448 2.38196 2.2062 0.0630561
449 2.38196 2.2062 0.0630561
450 2.38196 2.2062 0.0630561
451 2.38196 2.2062 0.0630561
452 2.38196 2.2062 0.0630561
453 2.38196 2.2062 0.0630561
454 2.38196 2.2062 0.0630561
455 2.38196 2.2062 0.0630561
456 2.38196 2.2062 0.0630561
457 2.38196 2.2062 0.0630561
458 2.38196 2.2062 0.0630561
459 2.38196 2.2062 0.0630561
460 2.38196 2.2062 0.0630561
461 2.38196 2.2108 0.0610866
462 2.38196 2.2108 0.0610866
463 2.38196 2.2108 0.0610866
464 2.38196 2.2108 0.0610866
465 2.38196 2.2108 0.0610866
466 2.38196 2.2108 0.0610866
467 2.38196 2.2108 0.0610866
468 2.38196 2.2108 0.0610866
469 2.38196 2.2108 0.0610866
470 2.38196 2.2108 0.0610866
471 2.38196 2.2108 0.0610866
472 2.38196 2.2108 0.0610866
473 2.38196 2.2108 0.0610866
474 2.38196 2.21552 0.059711
475 2.38196 2.21552 0.059711
476 2.38196 2.21552 0.059711
477 2.38196 2.21552 0.059711
478 2.38196 2.21552 0.059711
479 2.38196 2.21552 0.059711
480 2.38196 2.21949 0.0587692
481 2.38196 2.21949 0.0587692
482 2.38196 2.21949 0.0587692
483 2.38196 2.21949 0.0587692
484 2.38196 2.21949 0.0587692
485 2.38196 2.21949 0.0587692
486 2.38196 2.21949 0.0587692
487 2.38196 2.21949 0.0587692
488 2.38196 2.21949 0.0587692
489 2.38196 2.21949 0.0587692
490 2.38196 2.21949 0.0587692
491 2.38196 2.21949 0.0587692
492 2.38196 2.21949 0.0587692
493 2.38196 2.21949 0.0587692
494 2.38196 2.21949 0.0587692
495 2.38196 2.22522 0.0589092
496 2.38196 2.22522 0.0589092
497 2.38196 2.22522 0.0589092
498 2.38196 2.22522 0.0589092
499 2.38196 2.22522 0.0589092
500 2.38196 2.22522 0.0589092
