-1.6 -1.6 0.2 0.2 0.0896875 0.0
-1.6 -1.4000000000000001 0.2 0.2 0.0896875 0.0
-1.6 -1.2000000000000002 0.2 0.2 0.09125 0.0
-1.6 -1.0 0.2 0.2 0.0928125 0.0
-1.6 -0.8 0.2 0.2 0.0928125 0.0
-1.6 -0.6000000000000001 0.2 0.2 0.0928125 0.0
-1.6 -0.3999999999999999 0.2 0.2 0.09125 0.0
-1.6 -0.19999999999999996 0.2 0.2 0.088125 0.0
-1.6 0.0 0.2 0.2 0.085 0.0
-1.6 0.19999999999999996 0.2 0.2 0.0803125 0.0
-1.6 0.3999999999999999 0.2 0.2 0.0959375 0.0
-1.6 0.6000000000000001 0.2 0.2 0.11 0.0
-1.6 0.8000000000000003 0.2 0.2 0.1225 0.0
-1.6 1.0 0.2 0.2 0.13343750000000001 0.0
-1.6 1.2000000000000002 0.2 0.2 0.13968750000000002 0.0
-1.6 1.4 0.2 0.2 0.14593750000000003 0.0
-1.4000000000000001 -1.6 0.2 0.2 0.09125 0.0
-1.4000000000000001 -1.4000000000000001 0.2 0.2 0.094375 0.0
-1.4000000000000001 -1.2000000000000002 0.2 0.2 0.0959375 0.0
-1.4000000000000001 -1.0 0.2 0.2 0.0975 0.0
-1.4000000000000001 -0.8 0.2 0.2 0.0975 0.0
-1.4000000000000001 -0.6000000000000001 0.2 0.2 0.0975 0.0
-1.4000000000000001 -0.3999999999999999 0.2 0.2 0.094375 0.0
-1.4000000000000001 -0.19999999999999996 0.2 0.2 0.0896875 0.0
-1.4000000000000001 0.0 0.2 0.2 0.0834375 0.0
-1.4000000000000001 0.19999999999999996 0.2 0.2 0.07875 0.0
-1.4000000000000001 0.3999999999999999 0.2 0.2 0.0928125 0.0
-1.4000000000000001 0.6000000000000001 0.2 0.2 0.10375 0.0
-1.4000000000000001 0.8000000000000003 0.2 0.2 0.1146875 0.0
-1.4000000000000001 1.0 0.2 0.2 0.1240625 0.0
-1.4000000000000001 1.2000000000000002 0.2 0.2 0.13187500000000002 0.0
-1.4000000000000001 1.4 0.2 0.2 0.1365625 0.0
-1.2000000000000002 -1.6 0.2 0.2 0.09125 0.0
-1.2000000000000002 -1.4000000000000001 0.2 0.2 0.094375 0.0
-1.2000000000000002 -1.2000000000000002 0.2 0.2 0.0959375 0.0
-1.2000000000000002 -1.0 0.2 0.2 0.0990625 0.0
-1.2000000000000002 -0.8 0.2 0.2 0.0990625 0.0
-1.2000000000000002 -0.6000000000000001 0.2 0.2 0.0975 0.0
-1.2000000000000002 -0.3999999999999999 0.2 0.2 0.0928125 0.0
-1.2000000000000002 -0.19999999999999996 0.2 0.2 0.0865625 0.0
-1.2000000000000002 0.0 0.2 0.2 0.07875 0.0
-1.2000000000000002 0.19999999999999996 0.2 0.2 0.075625 0.0
-1.2000000000000002 0.3999999999999999 0.2 0.2 0.0865625 0.0
-1.2000000000000002 0.6000000000000001 0.2 0.2 0.0975 0.0
-1.2000000000000002 0.8000000000000003 0.2 0.2 0.106875 0.0
-1.2000000000000002 1.0 0.2 0.2 0.1146875 0.0
-1.2000000000000002 1.2000000000000002 0.2 0.2 0.1209375 0.0
-1.2000000000000002 1.4 0.2 0.2 0.12562500000000001 0.0
-1.0 -1.6 0.2 0.2 0.088125 0.0
-1.0 -1.4000000000000001 0.2 0.2 0.09125 0.0
-1.0 -1.2000000000000002 0.2 0.2 0.094375 0.0
-1.0 -1.0 0.2 0.2 0.0959375 0.0
-1.0 -0.8 0.2 0.2 0.0959375 0.0
-1.0 -0.6000000000000001 0.2 0.2 0.094375 0.0
-1.0 -0.3999999999999999 0.2 0.2 0.088125 0.0
-1.0 -0.19999999999999996 0.2 0.2 0.0803125 0.0
-1.0 0.0 0.2 0.2 0.0709375 0.0
-1.0 0.19999999999999996 0.2 0.2 0.069375 0.0
-1.0 0.3999999999999999 0.2 0.2 0.07875 0.0
-1.0 0.6000000000000001 0.2 0.2 0.088125 0.0
-1.0 0.8000000000000003 0.2 0.2 0.0959375 0.0
-1.0 1.0 0.2 0.2 0.10375 0.0
-1.0 1.2000000000000002 0.2 0.2 0.11 0.0
-1.0 1.4 0.2 0.2 0.11625 0.0
-0.8 -1.6 0.2 0.2 0.081875 0.0
-0.8 -1.4000000000000001 0.2 0.2 0.085 0.0
-0.8 -1.2000000000000002 0.2 0.2 0.0896875 0.0
-0.8 -1.0 0.2 0.2 0.09125 0.0
-0.8 -0.8 0.2 0.2 0.09125 0.0
-0.8 -0.6000000000000001 0.2 0.2 0.088125 0.0
-0.8 -0.3999999999999999 0.2 0.2 0.0803125 0.0
-0.8 -0.19999999999999996 0.2 0.2 0.0709375 0.0
-0.8 0.0 0.2 0.2 0.0584375 0.0
-0.8 0.19999999999999996 0.2 0.2 0.063125 0.0
-0.8 0.3999999999999999 0.2 0.2 0.0709375 0.0
-0.8 0.6000000000000001 0.2 0.2 0.07718749999999999 0.0
-0.8 0.8000000000000003 0.2 0.2 0.085 0.0
-0.8 1.0 0.2 0.2 0.09125 0.0
-0.8 1.2000000000000002 0.2 0.2 0.0975 0.0
-0.8 1.4 0.2 0.2 0.10375 0.0
-0.6000000000000001 -1.6 0.2 0.2 0.0725 0.0
-0.6000000000000001 -1.4000000000000001 0.2 0.2 0.07718749999999999 0.0
-0.6000000000000001 -1.2000000000000002 0.2 0.2 0.0803125 0.0
-0.6000000000000001 -1.0 0.2 0.2 0.081875 0.0
-0.6000000000000001 -0.8 0.2 0.2 0.081875 0.0
-0.6000000000000001 -0.6000000000000001 0.2 0.2 0.07718749999999999 0.0
-0.6000000000000001 -0.3999999999999999 0.2 0.2 0.069375 0.0
-0.6000000000000001 -0.19999999999999996 0.2 0.2 0.0584375 0.0
-0.6000000000000001 0.0 0.2 0.2 0.0490625 0.0
-0.6000000000000001 0.19999999999999996 0.2 0.2 0.05531250000000001 0.0
-0.6000000000000001 0.3999999999999999 0.2 0.2 0.060000000000000005 0.0
-0.6000000000000001 0.6000000000000001 0.2 0.2 0.06625 0.0
-0.6000000000000001 0.8000000000000003 0.2 0.2 0.0725 0.0
-0.6000000000000001 1.0 0.2 0.2 0.07875 0.0
-0.6000000000000001 1.2000000000000002 0.2 0.2 0.0865625 0.0
-0.6000000000000001 1.4 0.2 0.2 0.0928125 0.0
-0.3999999999999999 -1.6 0.2 0.2 0.063125 0.0
-0.3999999999999999 -1.4000000000000001 0.2 0.2 0.06625 0.0
-0.3999999999999999 -1.2000000000000002 0.2 0.2 0.069375 0.0
-0.3999999999999999 -1.0 0.2 0.2 0.0709375 0.0
-0.3999999999999999 -0.8 0.2 0.2 0.069375 0.0
-0.3999999999999999 -0.6000000000000001 0.2 0.2 0.0646875 0.0
-0.3999999999999999 -0.3999999999999999 0.2 0.2 0.056875 0.0
-0.3999999999999999 -0.19999999999999996 0.2 0.2 0.044375000000000005 0.0
-0.3999999999999999 0.0 0.2 0.2 0.04125 0.0
-0.3999999999999999 0.19999999999999996 0.2 0.2 0.045937500000000006 0.0
-0.3999999999999999 0.3999999999999999 0.2 0.2 0.050625 0.0
-0.3999999999999999 0.6000000000000001 0.2 0.2 0.05531250000000001 0.0
-0.3999999999999999 0.8000000000000003 0.2 0.2 0.061562500000000006 0.0
-0.3999999999999999 1.0 0.2 0.2 0.0678125 0.0
-0.3999999999999999 1.2000000000000002 0.2 0.2 0.075625 0.0
-0.3999999999999999 1.4 0.2 0.2 0.0834375 0.0
-0.19999999999999996 -1.6 0.2 0.2 0.050625 0.0
-0.19999999999999996 -1.4000000000000001 0.2 0.2 0.05531250000000001 0.0
-0.19999999999999996 -1.2000000000000002 0.2 0.2 0.056875 0.0
-0.19999999999999996 -1.0 0.2 0.2 0.0584375 0.0
-0.19999999999999996 -0.8 0.2 0.2 0.05531250000000001 0.0
-0.19999999999999996 -0.6000000000000001 0.2 0.2 0.050625 0.0
-0.19999999999999996 -0.3999999999999999 0.2 0.2 0.04125 0.0
-0.19999999999999996 -0.19999999999999996 0.2 0.2 0.028750000000000005 0.0
-0.19999999999999996 0.0 0.2 0.2 0.031875 0.0
-0.19999999999999996 0.19999999999999996 0.2 0.2 0.036562500000000005 0.0
-0.19999999999999996 0.3999999999999999 0.2 0.2 0.0396875 0.0
-0.19999999999999996 0.6000000000000001 0.2 0.2 0.056875 0.0
-0.19999999999999996 0.8000000000000003 0.2 0.2 0.0709375 0.0
-0.19999999999999996 1.0 0.2 0.2 0.085 0.0
-0.19999999999999996 1.2000000000000002 0.2 0.2 0.094375 0.0
-0.19999999999999996 1.4 0.2 0.2 0.1021875 0.0
0.0 -1.6 0.2 0.2 0.052187500000000005 0.0
0.0 -1.4000000000000001 0.2 0.2 0.0428125 0.0
0.0 -1.2000000000000002 0.2 0.2 0.0428125 0.0
0.0 -1.0 0.2 0.2 0.0428125 0.0
0.0 -0.8 0.2 0.2 0.04125 0.0
0.0 -0.6000000000000001 0.2 0.2 0.035 0.0
0.0 -0.3999999999999999 0.2 0.2 0.0240625 0.0
0.0 -0.19999999999999996 0.2 0.2 0.0209375 0.0
0.0 0.0 0.2 0.2 0.0240625 0.0
0.0 0.19999999999999996 0.2 0.2 0.04125 0.0
0.0 0.3999999999999999 0.2 0.2 0.060000000000000005 0.0
0.0 0.6000000000000001 0.2 0.2 0.075625 0.0
0.0 0.8000000000000003 0.2 0.2 0.09125 0.0
0.0 1.0 0.2 0.2 0.10375 0.0
0.0 1.2000000000000002 0.2 0.2 0.1146875 0.0
0.0 1.4 0.2 0.2 0.1209375 0.0
0.19999999999999996 -1.6 0.2 0.2 0.052187500000000005 0.0
0.19999999999999996 -1.4000000000000001 0.2 0.2 0.044375000000000005 0.0
0.19999999999999996 -1.2000000000000002 0.2 0.2 0.035 0.0
0.19999999999999996 -1.0 0.2 0.2 0.028750000000000005 0.0
0.19999999999999996 -0.8 0.2 0.2 0.025625000000000002 0.0
0.19999999999999996 -0.6000000000000001 0.2 0.2 0.017812500000000002 0.0
0.19999999999999996 -0.3999999999999999 0.2 0.2 0.01 0.0
0.19999999999999996 -0.19999999999999996 0.2 0.2 0.0240625 0.0
0.19999999999999996 0.0 0.2 0.2 0.04125 0.0
0.19999999999999996 0.19999999999999996 0.2 0.2 0.0584375 0.0
0.19999999999999996 0.3999999999999999 0.2 0.2 0.07718749999999999 0.0
0.19999999999999996 0.6000000000000001 0.2 0.2 0.0928125 0.0
0.19999999999999996 0.8000000000000003 0.2 0.2 0.1084375 0.0
0.19999999999999996 1.0 0.2 0.2 0.1209375 0.0
0.19999999999999996 1.2000000000000002 0.2 0.2 0.13187500000000002 0.0
0.19999999999999996 1.4 0.2 0.2 0.13812500000000003 0.0
0.3999999999999999 -1.6 0.2 0.2 0.052187500000000005 0.0
0.3999999999999999 -1.4000000000000001 0.2 0.2 0.045937500000000006 0.0
0.3999999999999999 -1.2000000000000002 0.2 0.2 0.0396875 0.0
0.3999999999999999 -1.0 0.2 0.2 0.0334375 0.0
0.3999999999999999 -0.8 0.2 0.2 0.025625000000000002 0.0
0.3999999999999999 -0.6000000000000001 0.2 0.2 0.0209375 0.0
0.3999999999999999 -0.3999999999999999 0.2 0.2 0.028750000000000005 0.0
0.3999999999999999 -0.19999999999999996 0.2 0.2 0.0428125 0.0
0.3999999999999999 0.0 0.2 0.2 0.0584375 0.0
0.3999999999999999 0.19999999999999996 0.2 0.2 0.07718749999999999 0.0
0.3999999999999999 0.3999999999999999 0.2 0.2 0.094375 0.0
0.3999999999999999 0.6000000000000001 0.2 0.2 0.1115625 0.0
0.3999999999999999 0.8000000000000003 0.2 0.2 0.12562500000000001 0.0
0.3999999999999999 1.0 0.2 0.2 0.13812500000000003 0.0
0.3999999999999999 1.2000000000000002 0.2 0.2 0.14906250000000001 0.0
0.3999999999999999 1.4 0.2 0.2 0.15531250000000002 0.0
0.6000000000000001 -1.6 0.2 0.2 0.050625 0.0
0.6000000000000001 -1.4000000000000001 0.2 0.2 0.04750000000000001 0.0
0.6000000000000001 -1.2000000000000002 0.2 0.2 0.0428125 0.0
0.6000000000000001 -1.0 0.2 0.2 0.0396875 0.0
0.6000000000000001 -0.8 0.2 0.2 0.035 0.0
0.6000000000000001 -0.6000000000000001 0.2 0.2 0.036562500000000005 0.0
0.6000000000000001 -0.3999999999999999 0.2 0.2 0.04750000000000001 0.0
0.6000000000000001 -0.19999999999999996 0.2 0.2 0.061562500000000006 0.0
0.6000000000000001 0.0 0.2 0.2 0.07875 0.0
0.6000000000000001 0.19999999999999996 0.2 0.2 0.0959375 0.0
0.6000000000000001 0.3999999999999999 0.2 0.2 0.113125 0.0
0.6000000000000001 0.6000000000000001 0.2 0.2 0.12875 0.0
0.6000000000000001 0.8000000000000003 0.2 0.2 0.144375 0.0
0.6000000000000001 1.0 0.2 0.2 0.15687500000000001 0.0
0.6000000000000001 1.2000000000000002 0.2 0.2 0.16625 0.0
0.6000000000000001 1.4 0.2 0.2 0.17250000000000001 0.0
0.8000000000000003 -1.6 0.2 0.2 0.04750000000000001 0.0
0.8000000000000003 -1.4000000000000001 0.2 0.2 0.04750000000000001 0.0
0.8000000000000003 -1.2000000000000002 0.2 0.2 0.04750000000000001 0.0
0.8000000000000003 -1.0 0.2 0.2 0.045937500000000006 0.0
0.8000000000000003 -0.8 0.2 0.2 0.045937500000000006 0.0
0.8000000000000003 -0.6000000000000001 0.2 0.2 0.05531250000000001 0.0
0.8000000000000003 -0.3999999999999999 0.2 0.2 0.06625 0.0
0.8000000000000003 -0.19999999999999996 0.2 0.2 0.0803125 0.0
0.8000000000000003 0.0 0.2 0.2 0.0975 0.0
0.8000000000000003 0.19999999999999996 0.2 0.2 0.1146875 0.0
0.8000000000000003 0.3999999999999999 0.2 0.2 0.13187500000000002 0.0
0.8000000000000003 0.6000000000000001 0.2 0.2 0.14750000000000002 0.0
0.8000000000000003 0.8000000000000003 0.2 0.2 0.16156250000000003 0.0
0.8000000000000003 1.0 0.2 0.2 0.1740625 0.0
0.8000000000000003 1.2000000000000002 0.2 0.2 0.18343750000000003 0.0
0.8000000000000003 1.4 0.2 0.2 0.1896875 0.0
1.0 -1.6 0.2 0.2 0.044375000000000005 0.0
1.0 -1.4000000000000001 0.2 0.2 0.04750000000000001 0.0
1.0 -1.2000000000000002 0.2 0.2 0.0490625 0.0
1.0 -1.0 0.2 0.2 0.050625 0.0
1.0 -0.8 0.2 0.2 0.060000000000000005 0.0
1.0 -0.6000000000000001 0.2 0.2 0.0725 0.0
1.0 -0.3999999999999999 0.2 0.2 0.085 0.0
1.0 -0.19999999999999996 0.2 0.2 0.0990625 0.0
1.0 0.0 0.2 0.2 0.1146875 0.0
1.0 0.19999999999999996 0.2 0.2 0.13187500000000002 0.0
1.0 0.3999999999999999 0.2 0.2 0.14750000000000002 0.0
1.0 0.6000000000000001 0.2 0.2 0.16312500000000002 0.0
1.0 0.8000000000000003 0.2 0.2 0.17718750000000003 0.0
1.0 1.0 0.2 0.2 0.18812500000000001 0.0
1.0 1.2000000000000002 0.2 0.2 0.1975 0.0
1.0 1.4 0.2 0.2 0.20375000000000001 0.0
1.2000000000000002 -1.6 0.2 0.2 0.038125 0.0
1.2000000000000002 -1.4000000000000001 0.2 0.2 0.044375000000000005 0.0
1.2000000000000002 -1.2000000000000002 0.2 0.2 0.050625 0.0
1.2000000000000002 -1.0 0.2 0.2 0.061562500000000006 0.0
1.2000000000000002 -0.8 0.2 0.2 0.0740625 0.0
1.2000000000000002 -0.6000000000000001 0.2 0.2 0.0865625 0.0
1.2000000000000002 -0.3999999999999999 0.2 0.2 0.0990625 0.0
1.2000000000000002 -0.19999999999999996 0.2 0.2 0.113125 0.0
1.2000000000000002 0.0 0.2 0.2 0.1303125 0.0
1.2000000000000002 0.19999999999999996 0.2 0.2 0.14593750000000003 0.0
1.2000000000000002 0.3999999999999999 0.2 0.2 0.16156250000000003 0.0
1.2000000000000002 0.6000000000000001 0.2 0.2 0.17562500000000003 0.0
1.2000000000000002 0.8000000000000003 0.2 0.2 0.1896875 0.0
1.2000000000000002 1.0 0.2 0.2 0.20062500000000003 0.0
1.2000000000000002 1.2000000000000002 0.2 0.2 0.21000000000000002 0.0
1.2000000000000002 1.4 0.2 0.2 0.21625000000000003 0.0
1.4 -1.6 0.2 0.2 0.031875 0.0
1.4 -1.4000000000000001 0.2 0.2 0.0428125 0.0
1.4 -1.2000000000000002 0.2 0.2 0.05531250000000001 0.0
1.4 -1.0 0.2 0.2 0.069375 0.0
1.4 -0.8 0.2 0.2 0.0834375 0.0
1.4 -0.6000000000000001 0.2 0.2 0.0975 0.0
1.4 -0.3999999999999999 0.2 0.2 0.1115625 0.0
1.4 -0.19999999999999996 0.2 0.2 0.12562500000000001 0.0
1.4 0.0 0.2 0.2 0.14125000000000001 0.0
1.4 0.19999999999999996 0.2 0.2 0.15687500000000001 0.0
1.4 0.3999999999999999 0.2 0.2 0.17250000000000001 0.0
1.4 0.6000000000000001 0.2 0.2 0.18656250000000002 0.0
1.4 0.8000000000000003 0.2 0.2 0.19906250000000003 0.0
1.4 1.0 0.2 0.2 0.20843750000000003 0.0
1.4 1.2000000000000002 0.2 0.2 0.21781250000000002 0.0
1.4 1.4 0.2 0.2 0.22406250000000003 0.0