1 0.000385601 7.29469e-005 0.000110198
2 0.00646947 0.000772851 0.00152033
3 0.00683901 0.00299389 0.00216923
4 0.0325941 0.0122888 0.00717063
5 0.048425 0.0180984 0.00941128
6 0.0574367 0.0238845 0.011905
7 0.0821282 0.0276543 0.0191632
8 0.0618941 0.0234585 0.0169627
9 0.0729851 0.0303819 0.0190166
10 0.17145 0.0423951 0.0351253
11 0.0940862 0.0377767 0.0200459
12 0.0496552 0.0292193 0.0123624
13 0.0579119 0.032304 0.0134057
14 0.301793 0.0580825 0.064915
15 0.0968449 0.0368348 0.0194336
16 0.0966328 0.0389485 0.0246155
17 0.118509 0.0492439 0.0288934
18 0.166343 0.0784823 0.0445006
19 0.22161 0.118094 0.0491635
20 0.196642 0.117488 0.0379753
21 0.201573 0.127847 0.0408177
22 0.194504 0.111552 0.0385937
23 0.208955 0.130758 0.0398823
24 0.195946 0.11275 0.0413776
25 0.287077 0.136913 0.0520986
26 0.221711 0.121715 0.0530694
27 0.239125 0.135768 0.0440814
28 0.441155 0.148178 0.0950573
29 0.374897 0.19515 0.0777195
30 0.399299 0.291508 0.0583855
31 0.486484 0.313447 0.0624828
32 0.535287 0.36231 0.0758914
33 0.483145 0.366588 0.0579814
34 0.518592 0.390183 0.0533065
35 0.552561 0.406603 0.069414
36 0.511845 0.417687 0.0617881
37 0.560243 0.412758 0.0843526
38 0.58324 0.427251 0.0829899
39 0.539791 0.433048 0.0388945
40 0.561888 0.398687 0.0854654
41 0.534074 0.396363 0.0611888
42 0.541786 0.429826 0.0520436
43 0.538806 0.457169 0.0505642
44 0.63164 0.469091 0.06137
45 0.542192 0.398408 0.0763693
46 0.68622 0.450111 0.0862516
47 0.599325 0.432657 0.0733095
48 0.591838 0.472735 0.0605251
49 0.722189 0.418717 0.127015
50 0.643574 0.471099 0.0937228
51 0.613155 0.514025 0.0664724
52 0.644998 0.55546 0.0616674
53 0.676993 0.540369 0.0815832
54 0.655022 0.568209 0.0635952
55 0.680532 0.57981 0.0407893
56 0.7186 0.622734 0.0342688
57 0.697927 0.609747 0.0413144
58 0.691234 0.611982 0.0288714
59 0.710881 0.598735 0.0616363
60 0.673834 0.609349 0.0351749
61 0.666907 0.594913 0.0471654
62 0.680631 0.604697 0.0326321
63 0.703945 0.616372 0.0464259
64 0.717263 0.625087 0.0363559
65 0.682372 0.636815 0.0309973
66 0.720187 0.65038 0.0374021
67 0.774803 0.640931 0.0556654
68 0.74649 0.650609 0.0484843
69 0.80056 0.639053 0.0588689
70 0.720385 0.627166 0.0519325
71 0.730125 0.65062 0.0442932
72 0.758411 0.602903 0.0893151
73 0.781307 0.670579 0.0514011
74 0.786617 0.666966 0.0694636
75 0.78794 0.658827 0.0659633
76 0.867853 0.626719 0.118592
77 0.838838 0.689892 0.0611919
78 0.943662 0.628797 0.118896
79 0.781436 0.642867 0.10313
80 0.852853 0.698496 0.0513148
81 0.785195 0.673413 0.043899
82 0.786235 0.587489 0.112528
83 0.732655 0.570312 0.0986931
84 0.753152 0.659957 0.0416471
85 0.735848 0.645175 0.0511092
86 0.772718 0.613962 0.0836705
87 0.770145 0.664451 0.0594169
88 0.758538 0.63637 0.0661342
89 0.764178 0.634499 0.0634467
90 0.758933 0.666899 0.0458673
91 0.758933 0.671566 0.0429342
92 0.726136 0.648347 0.0365374
93 0.747594 0.659394 0.0486514
94 0.762478 0.665516 0.0496529
95 0.799643 0.676844 0.0422555
96 0.740012 0.6303 0.0700629
97 0.743201 0.631311 0.0663696
98 0.700104 0.637444 0.0418599
99 0.779114 0.643175 0.0498095
100 0.77306 0.628033 0.0896824
101 0.764529 0.660015 0.0585953
102 0.747796 0.673711 0.043787
103 0.782811 0.652593 0.0570247
104 0.830687 0.701649 0.055978
105 0.724969 0.682407 0.0221668
106 0.879147 0.669224 0.104369
107 0.892675 0.686676 0.0792524
108 0.786693 0.668328 0.0908888
109 0.765607 0.65389 0.0911636
110 0.841136 0.734747 0.0472689
111 0.82693 0.746228 0.0504388
112 0.85724 0.718441 0.0709769
113 0.85724 0.710157 0.0683019
114 0.9527 0.779235 0.08037
115 0.914231 0.763248 0.0729057
116 0.902088 0.782088 0.0740918
117 0.872147 0.717965 0.1146
118 0.918284 0.762611 0.0752353
119 0.920066 0.719416 0.0763041
120 0.846293 0.716931 0.0607417
121 0.838619 0.732168 0.0586101
122 0.890876 0.779634 0.0480651
123 0.991264 0.770832 0.107116
124 0.977471 0.802663 0.101889
125 0.969215 0.776293 0.11448
126 0.930487 0.762421 0.111736
127 1.02295 0.797442 0.113099
128 1.091 0.854887 0.112919
129 1.0092 0.893284 0.0758595
130 1.18753 0.937851 0.0865322
131 1.167 0.935036 0.0822486
132 1.16785 0.954746 0.132594
133 1.2582 0.943343 0.180473
134 1.29898 1.08582 0.115818
135 1.35623 1.07823 0.138215
136 1.31971 1.04533 0.148956
137 1.31971 1.09506 0.11096
138 1.29597 1.1412 0.0989417
139 1.31704 1.22639 0.0701675
140 1.43781 1.20347 0.0953787
141 1.4136 1.21369 0.147962
142 1.44629 1.217 0.166022
143 1.33035 1.2083 0.0668861
144 1.29802 1.14161 0.124753
145 1.35429 1.16942 0.127225
146 1.35429 1.15635 0.128569
147 1.36273 1.21328 0.0867097
148 1.33736 1.22026 0.0823233
149 1.4165 1.25002 0.0938168
150 1.45243 1.26992 0.075831
151 1.45243 1.09893 0.244189
152 1.30334 1.15551 0.109122
153 1.36101 1.19188 0.0733172
154 1.32569 1.17289 0.104809
155 1.38737 1.18972 0.105252
156 1.38737 1.20168 0.0938028
157 1.38737 1.19565 0.08226
158 1.36819 1.2451 0.0758665
159 1.35709 1.17593 0.101221
160 1.3156 1.21092 0.0572627
161 1.31652 1.17341 0.093981
162 1.34068 1.13871 0.118472
163 1.35274 1.10979 0.144373
164 1.37387 1.10858 0.161305
165 1.35152 1.21187 0.0531188
166 1.31188 1.15736 0.0879989
167 1.44684 1.21932 0.0799536
168 1.28744 1.16903 0.075509
169 1.31188 1.18321 0.097775
170 1.31833 1.19607 0.0842687
171 1.30649 1.18725 0.0547135
172 1.35116 1.1897 0.0890417
173 1.35941 1.16486 0.107261
174 1.4111 1.21104 0.0905802
175 1.31746 1.18642 0.0707043
176 1.29283 1.19578 0.0703606
177 1.31138 1.20311 0.0561376
178 1.41204 1.23781 0.0770588
179 1.33564 1.21845 0.0704556
180 1.44452 1.09056 0.167279
181 1.39829 1.24764 0.0664268
182 1.42628 1.1968 0.100614
183 1.41064 1.19593 0.113049
184 1.38852 1.22956 0.0747759
185 1.38852 1.20894 0.0846149
186 1.3635 1.25892 0.0513882
187 1.48099 1.25393 0.0771699
188 1.4002 1.22677 0.0666921
189 1.30618 1.16199 0.0955568
190 1.27922 1.19664 0.054094
191 1.3737 1.20274 0.0646444
192 1.32268 1.1572 0.108486
193 1.36448 1.24017 0.0632563
194 1.34105 1.19802 0.080816
195 1.47425 1.22681 0.0966749
196 1.47425 1.22755 0.0983782
197 1.47425 1.24135 0.118506
198 1.47425 1.27445 0.0993952
199 1.40411 1.25418 0.0855804
200 1.46623 1.28515 0.0745744
201 1.33128 1.22142 0.0617704
202 1.46704 1.1804 0.135348
203 1.46704 1.2434 0.101456
204 1.42179 1.25582 0.0761861
205 1.39615 1.22237 0.114648
206 1.44396 1.28569 0.0762375
207 1.40292 1.26426 0.0800744
208 1.43268 1.28846 0.0958941
209 1.42947 1.27358 0.0739745
210 1.42202 1.27805 0.0734743
211 1.47435 1.32072 0.0745277
212 1.45393 1.31878 0.0718351
213 1.41335 1.27795 0.0676454
214 1.48685 1.29286 0.0857894
215 1.43613 1.32342 0.0584611
216 1.54034 1.34206 0.0976808
217 1.47983 1.2837 0.102173
218 1.42904 1.34748 0.056496
219 1.45022 1.30693 0.0835599
220 1.44841 1.3206 0.046115
221 1.44841 1.32212 0.0712074
222 1.44841 1.30121 0.0701426
223 1.54415 1.24576 0.102872
224 1.45612 1.26021 0.0988505
225 1.42354 1.24311 0.0977942
226 1.42354 1.2949 0.0640876
227 1.46282 1.3261 0.0766887
228 1.51216 1.35629 0.0880589
229 1.50077 1.34256 0.0946802
230 1.51032 1.32695 0.0916283
231 1.46418 1.3076 0.0819741
232 1.52502 1.31378 0.109764
233 1.44208 1.35632 0.0519711
234 1.47234 1.30147 0.103321
235 1.39684 1.29029 0.0791948
236 1.45099 1.32396 0.0507235
237 1.38255 1.27969 0.0815115
238 1.50532 1.3056 0.101128
239 1.54578 1.32693 0.0892255
240 1.50817 1.3689 0.0688869
241 1.40082 1.32372 0.0598046
242 1.43767 1.34236 0.0524535
243 1.38356 1.29675 0.0574594
244 1.46505 1.33271 0.0602939
245 1.4109 1.31265 0.0579132
246 1.44385 1.31805 0.0580289
247 1.48046 1.26618 0.097283
248 1.44662 1.29442 0.0771164
249 1.4089 1.33071 0.0428968
250 1.50943 1.2656 0.0925521
251 1.50943 1.29597 0.118379
252 1.50281 1.30195 0.0981728
253 1.4743 1.32725 0.0932337
254 1.42359 1.31828 0.0766239
255 1.51863 1.28087 0.11943
256 1.46261 1.31955 0.0633296
257 1.49256 1.34833 0.0545177
258 1.48118 1.3636 0.0579977
259 1.49617 1.29696 0.115759
260 1.44435 1.30257 0.0940765
261 1.42081 1.30586 0.0653583
262 1.43557 1.35736 0.0496269
263 1.4634 1.31976 0.0697058
264 1.4456 1.29723 0.0792003
265 1.40374 1.26743 0.100392
266 1.45511 1.31764 0.0663488
267 1.42714 1.33158 0.0505128
268 1.44417 1.33331 0.0575544
269 1.41245 1.28171 0.095905
270 1.57468 1.33871 0.085974
271 1.48184 1.30063 0.0967712
272 1.47096 1.33403 0.0657145
273 1.45032 1.33772 0.0742494
274 1.45332 1.28731 0.0931822
275 1.49501 1.34773 0.0700241
276 1.42303 1.3021 0.0629505
277 1.42303 1.33131 0.058449
278 1.42806 1.26344 0.128085
279 1.4605 1.29337 0.12038
280 1.43486 1.16727 0.236397
281 1.42915 1.29383 0.0677143
282 1.50611 1.30137 0.0908042
283 1.50611 1.33739 0.0752987
284 1.46694 1.27674 0.110649
285 1.49188 1.30511 0.110364
286 1.42205 1.29595 0.0924815
287 1.44832 1.25422 0.115351
288 1.47327 1.28963 0.0933215
289 1.38623 1.3113 0.0681528
290 1.45233 1.33638 0.0976558
291 1.49751 1.35313 0.0690509
292 1.46389 1.35192 0.0629918
293 1.45416 1.2877 0.108376
294 1.38575 1.27794 0.0793959
295 1.49656 1.33396 0.0633929
296 1.55891 1.33749 0.0784524
297 1.50251 1.36375 0.0535772
298 1.50251 1.3571 0.0758565
299 1.43441 1.25881 0.103028
300 1.45529 1.27956 0.101523
301 1.48597 1.3323 0.083252
302 1.48551 1.30485 0.120431
303 1.49392 1.25699 0.141105
304 1.49011 1.33699 0.0975624
305 1.50787 1.32472 0.0911959
306 1.51634 1.33767 0.0824175
307 1.51634 1.33032 0.106026
308 1.44224 1.32264 0.0727936
309 1.43195 1.2948 0.0881281
310 1.52167 1.35128 0.0783799
311 1.52167 1.31898 0.0789975
312 1.51062 1.26085 0.123516
313 1.5296 1.29897 0.120897
314 1.47863 1.28626 0.13988
315 1.47534 1.24221 0.14381
316 1.48429 1.24153 0.149258
317 1.49332 1.34265 0.0911244
318 1.51721 1.37045 0.0909225
319 1.51534 1.32519 0.101488
320 1.51138 1.27901 0.166874
321 1.4923 1.28404 0.0928508
322 1.49942 1.22248 0.184904
323 1.41483 1.27336 0.0734484
324 1.51763 1.32968 0.0702642
325 1.43122 1.32761 0.0619058
326 1.55707 1.32438 0.0992877
327 1.55707 1.30773 0.104291
328 1.41876 1.19684 0.16141
329 1.44173 1.28727 0.100052
330 1.44506 1.25017 0.13306
331 1.39437 1.28157 0.0815578
332 1.48352 1.19152 0.162295
333 1.437 1.29278 0.0902331
334 1.47967 1.29068 0.0854371
335 1.54678 1.3233 0.114512
336 1.3806 1.2538 0.102166
337 1.46217 1.33653 0.0513642
338 1.49774 1.26111 0.107387
339 1.41725 1.26438 0.114572
340 1.47143 1.34311 0.0716418
341 1.50516 1.31623 0.106851
342 1.45394 1.2641 0.149725
343 1.48395 1.34317 0.0647708
344 1.48395 1.36015 0.0778649
345 1.48395 1.32154 0.075315
346 1.46167 1.26485 0.112359
347 1.46167 1.28583 0.0884821
348 1.4797 1.2811 0.105519
349 1.45425 1.29257 0.0946307
350 1.45894 1.26291 0.102044
351 1.52132 1.31304 0.0728485
352 1.44387 1.30801 0.0832208
353 1.47419 1.26738 0.11749
354 1.43994 1.30258 0.0720789
355 1.46592 1.26814 0.104167
356 1.46236 1.30491 0.0835655
357 1.45803 1.34576 0.0439068
358 1.45803 1.31032 0.0981004
359 1.52023 1.27726 0.102958
360 1.55281 1.16212 0.205046
361 1.55281 1.33565 0.100261
362 1.42256 1.29801 0.0952767
363 1.46098 1.28976 0.0924894
364 1.49784 1.32661 0.0949339
365 1.49346 1.23691 0.107006
366 1.41892 1.19723 0.142673
367 1.44844 1.2226 0.127711
368 1.48391 1.27038 0.0993135
369 1.49406 1.2811 0.101518
370 1.49618 1.30846 0.101652
371 1.47439 1.27192 0.102119
372 1.50571 1.32442 0.1152
373 1.43895 1.29023 0.0925477
374 1.44954 1.30732 0.0880786
375 1.52589 1.34688 0.0861488
376 1.46527 1.28021 0.137703
377 1.47482 1.25236 0.169259
378 1.48084 1.28325 0.090354
379 1.48226 1.29836 0.113427
380 1.54567 1.28018 0.193306
381 1.50237 1.32794 0.106295
382 1.51211 1.35109 0.0906725
383 1.46241 1.24252 0.17071
384 1.47951 1.32741 0.0941816
385 1.48576 1.34921 0.0754311
386 1.43852 1.3189 0.077071
387 1.46426 1.34708 0.0491273
388 1.49404 1.35989 0.0650922
389 1.5123 1.33254 0.0938987
390 1.44776 1.29672 0.114689
391 1.50057 1.33405 0.097967
392 1.51425 1.35276 0.0784797
393 1.49727 1.35325 0.0797539
394 1.4667 1.32469 0.093196
395 1.51734 1.35182 0.0787262
396 1.50035 1.28495 0.118918
397 1.49312 1.25888 0.14835
398 1.4807 1.26983 0.121922
399 1.4807 1.32671 0.0739351
400 1.484 1.27354 0.106703
401 1.49964 1.24559 0.140008
402 1.49964 1.33617 0.077977
403 1.49964 1.31647 0.0982889
404 1.47684 1.30688 0.107021
405 1.41741 1.2898 0.0853846
406 1.53941 1.36664 0.0806337
407 1.50832 1.31703 0.129476
408 1.47647 1.17945 0.183121
409 1.3872 1.1568 0.150211
410 1.44692 1.26159 0.100251
411 1.48648 1.33438 0.0722627
412 1.57305 1.28484 0.147896
413 1.46457 1.26378 0.0891459
414 1.44749 1.25608 0.143072
415 1.4702 1.27029 0.114052
416 1.45165 1.27804 0.0826573
417 1.47636 1.29425 0.0907103
418 1.4929 1.28548 0.120086
419 1.46355 1.30326 0.0954622
420 1.44661 1.26135 0.132103
421 1.42003 1.30801 0.0887702
422 1.46637 1.3382 0.0837896
423 1.47692 1.3087 0.0902599
424 1.37989 1.23454 0.105372
425 1.54766 1.26651 0.122062
426 1.4793 1.3117 0.0982408
427 1.52049 1.25452 0.117222
428 1.50612 1.38969 0.0823392
