1 0.259571 0.073884 0.0662839
2 0.259571 0.108097 0.0583574
3 0.280618 0.12923 0.0587708
4 0.280618 0.161415 0.0497939
5 0.280618 0.177912 0.0382231
6 0.280618 0.192079 0.0349105
7 0.286349 0.209255 0.0324351
8 0.339496 0.227605 0.033489
9 0.339496 0.239208 0.0300658
10 0.339496 0.246245 0.0285112
11 0.339496 0.2582 0.029192
12 0.339496 0.268544 0.0270118
13 0.339496 0.269551 0.026149
14 0.339496 0.273122 0.024853
15 0.339496 0.277263 0.0233867
16 0.414949 0.287345 0.0328376
17 0.452931 0.294724 0.0432671
18 0.452931 0.301809 0.0424767
19 0.452931 0.310164 0.0471435
20 0.452931 0.311338 0.0462415
21 0.452931 0.317686 0.0475507
22 0.452931 0.318154 0.0471664
23 0.494951 0.328264 0.0556946
24 0.571566 0.339807 0.069085
25 0.571566 0.344081 0.0675676
26 0.571566 0.344081 0.0675676
27 0.571566 0.346277 0.0660778
28 0.571628 0.362659 0.0790956
29 0.571628 0.36412 0.0778906
30 0.571628 0.364281 0.0777511
31 0.571628 0.368359 0.0757802
32 0.571628 0.373021 0.0731182
33 0.578246 0.382241 0.080593
34 0.578246 0.385457 0.0784315
35 0.578246 0.388797 0.0774104
36 0.578246 0.38903 0.0771944
37 0.578246 0.38903 0.0771944
38 0.578246 0.394335 0.0773859
39 0.616282 0.404332 0.0856037
40 0.616282 0.405394 0.0847322
41 0.616282 0.414829 0.0855062
42 0.616282 0.422617 0.0877202
43 0.616282 0.423971 0.08657
44 0.616282 0.423971 0.08657
45 0.616282 0.427991 0.0853177
46 0.616282 0.4329 0.0826777
47 0.616282 0.43552 0.0811629
48 0.616282 0.443782 0.0843715
49 0.616282 0.457165 0.0804313
50 0.616282 0.46092 0.0777355
51 0.616282 0.46092 0.0777355
52 0.616282 0.46092 0.0777355
53 0.616282 0.466333 0.0767371
54 0.616282 0.468858 0.074719
55 0.616282 0.468858 0.074719
56 0.616282 0.468858 0.074719
57 0.616282 0.474039 0.0730397
58 0.616282 0.474039 0.0730397
59 0.616282 0.474039 0.0730397
60 0.616282 0.478627 0.0709655
61 0.616282 0.478735 0.0708142
62 0.616282 0.478735 0.0708142
63 0.616282 0.480224 0.0690975
64 0.616282 0.480224 0.0690975
65 0.639748 0.488718 0.0724413
66 0.639748 0.488718 0.0724413
67 0.639748 0.488718 0.0724413
68 0.639748 0.488718 0.0724413
69 0.639748 0.488718 0.0724413
70 0.639748 0.488718 0.0724413
71 0.639748 0.488718 0.0724413
72 0.639748 0.49378 0.0706175
73 0.639748 0.496778 0.0679927
74 0.639748 0.499728 0.0654114
75 0.639748 0.500291 0.0647331
76 0.639748 0.501344 0.0635571
77 0.639748 0.501344 0.0635571
78 0.639748 0.501344 0.0635571
79 0.639748 0.501344 0.0635571
80 0.639748 0.501344 0.0635571
81 0.639748 0.501344 0.0635571
82 0.639748 0.502598 0.062195
83 0.639748 0.502598 0.062195
84 0.639748 0.502598 0.062195
85 0.639748 0.502598 0.062195
86 0.639748 0.502598 0.062195
87 0.639748 0.506643 0.0602798
88 0.639748 0.507844 0.0588873
89 0.639748 0.508059 0.0586004
90 0.639748 0.508059 0.0586004
91 0.639748 0.508059 0.0586004
92 0.660595 0.515746 0.0628267
93 0.660595 0.515746 0.0628267
94 0.660595 0.515746 0.0628267
95 0.660595 0.517117 0.0614307
96 0.660595 0.517117 0.0614307
97 0.660595 0.517117 0.0614307
98 0.660595 0.517117 0.0614307
99 0.660595 0.517859 0.0606843
100 0.660595 0.517859 0.0606843
101 0.660595 0.519386 0.0593942
102 0.660595 0.520866 0.0581705
103 0.660595 0.522141 0.0570456
104 0.660595 0.522141 0.0570456
105 0.660595 0.528412 0.0593357
106 0.660595 0.528412 0.0593357
107 0.660595 0.528412 0.0593357
108 0.660595 0.528412 0.0593357
109 0.660595 0.528412 0.0593357
110 0.660595 0.532831 0.05848
111 0.660595 0.532831 0.05848
112 0.660595 0.532831 0.05848
113 0.660595 0.534449 0.0569446
114 0.660595 0.534449 0.0569446
115 0.660595 0.536891 0.0550745
116 0.660595 0.536891 0.0550745
117 0.660595 0.541949 0.0547026
118 0.660595 0.541949 0.0547026
119 0.660595 0.541949 0.0547026
120 0.660595 0.541949 0.0547026
121 0.660595 0.541949 0.0547026
122 0.660595 0.541949 0.0547026
123 0.660595 0.541949 0.0547026
124 0.660595 0.547168 0.0547913
125 0.660595 0.548734 0.0533214
126 0.660595 0.548734 0.0533214
127 0.660595 0.551203 0.0514889
128 0.660595 0.551203 0.0514889
129 0.660595 0.551203 0.0514889
130 0.660595 0.551203 0.0514889
131 0.660595 0.554706 0.0500508
132 0.660595 0.554706 0.0500508
133 0.660595 0.554706 0.0500508
134 0.660595 0.554966 0.0497021
135 0.660595 0.555374 0.0492141
136 0.660595 0.555374 0.0492141
137 0.660595 0.555374 0.0492141
138 0.660595 0.555374 0.0492141
139 0.660595 0.555374 0.0492141
140 0.660595 0.555374 0.0492141
141 0.660595 0.560759 0.04532
142 0.660595 0.560759 0.04532
143 0.660595 0.560952 0.0450454
144 0.660595 0.560952 0.0450454
145 0.660595 0.560952 0.0450454
146 0.660595 0.560952 0.0450454
147 0.660595 0.560952 0.0450454
148 0.660595 0.560952 0.0450454
149 0.660595 0.560952 0.0450454
150 0.660595 0.560952 0.0450454
151 0.660595 0.560952 0.0450454
152 0.660595 0.560952 0.0450454
153 0.660595 0.560952 0.0450454
154 0.660595 0.561519 0.0443131
155 0.660595 0.561519 0.0443131
156 0.660595 0.561519 0.0443131
157 0.660595 0.566345 0.0451729
158 0.660595 0.566345 0.0451729
159 0.660595 0.566345 0.0451729
160 0.660595 0.566345 0.0451729
161 0.660595 0.566345 0.0451729
162 0.660595 0.566345 0.0451729
163 0.664677 0.571766 0.0468585
164 0.664677 0.571766 0.0468585
165 0.664677 0.571766 0.0468585
166 0.664677 0.571787 0.0468285
167 0.664677 0.571787 0.0468285
168 0.664677 0.571787 0.0468285
169 0.664677 0.571787 0.0468285
170 0.664677 0.571787 0.0468285
171 0.664677 0.571787 0.0468285
172 0.664677 0.572195 0.0462841
173 0.664677 0.572195 0.0462841
174 0.664677 0.572195 0.0462841
175 0.664677 0.572195 0.0462841
176 0.664677 0.572195 0.0462841
177 0.664677 0.572195 0.0462841
178 0.664677 0.572195 0.0462841
179 0.664677 0.572195 0.0462841
180 0.664677 0.572195 0.0462841
181 0.664677 0.572195 0.0462841
182 0.664677 0.572728 0.0456749
183 0.664677 0.572728 0.0456749
184 0.664677 0.572728 0.0456749
185 0.664677 0.576684 0.045436
186 0.664677 0.576684 0.045436
187 0.664677 0.580046 0.0445341
188 0.664677 0.580046 0.0445341
189 0.664677 0.580046 0.0445341
190 0.664677 0.580046 0.0445341
191 0.664677 0.580046 0.0445341
192 0.664677 0.580046 0.0445341
193 0.664677 0.58095 0.0434889
194 0.664677 0.58095 0.0434889
195 0.664677 0.58095 0.0434889
196 0.664677 0.58095 0.0434889
197 0.664677 0.58095 0.0434889
198 0.664677 0.58095 0.0434889
199 0.664677 0.58095 0.0434889
200 0.664677 0.582088 0.0423288
201 0.664677 0.582088 0.0423288
202 0.664677 0.582088 0.0423288
203 0.664677 0.582088 0.0423288
204 0.664677 0.582088 0.0423288
205 0.664677 0.58274 0.0415921
206 0.664677 0.58274 0.0415921
207 0.664677 0.58274 0.0415921
208 0.664677 0.58274 0.0415921
209 0.664677 0.58274 0.0415921
210 0.664677 0.58274 0.0415921
211 0.664677 0.58274 0.0415921
212 0.664677 0.58274 0.0415921
213 0.664677 0.58274 0.0415921
214 0.664677 0.58274 0.0415921
215 0.664677 0.58274 0.0415921
216 0.664677 0.58274 0.0415921
217 0.664677 0.58274 0.0415921
218 0.664677 0.584169 0.040404
219 0.664677 0.584878 0.0396154
220 0.664677 0.584878 0.0396154
221 0.664677 0.584878 0.0396154
222 0.664677 0.584878 0.0396154
223 0.664677 0.584878 0.0396154
224 0.664677 0.584878 0.0396154
225 0.664677 0.584878 0.0396154
226 0.664677 0.584878 0.0396154
227 0.664677 0.584878 0.0396154
228 0.664677 0.584878 0.0396154
229 0.664677 0.586002 0.0385219
230 0.664677 0.586002 0.0385219
231 0.664677 0.586002 0.0385219
232 0.664677 0.586002 0.0385219
233 0.664677 0.586002 0.0385219
234 0.664677 0.589511 0.0386304
235 0.664677 0.589511 0.0386304
236 0.664677 0.589511 0.0386304
237 0.664677 0.589511 0.0386304
238 0.664677 0.589511 0.0386304
239 0.664677 0.591174 0.0375836
240 0.664677 0.592741 0.0365139
241 0.664677 0.592741 0.0365139
242 0.664677 0.592741 0.0365139
243 0.704287 0.598059 0.0405345
244 0.788137 0.606148 0.0518623
245 0.788137 0.606148 0.0518623
246 0.788137 0.606812 0.0512047
247 0.788137 0.606812 0.0512047
248 0.788137 0.606812 0.0512047
249 0.788137 0.606812 0.0512047
250 0.788137 0.606812 0.0512047
251 0.788137 0.606812 0.0512047
252 0.788137 0.606812 0.0512047
253 0.788137 0.608649 0.050041
254 0.788137 0.608649 0.050041
255 0.788137 0.608649 0.050041
256 0.788137 0.608649 0.050041
257 0.788137 0.608649 0.050041
258 0.788137 0.611867 0.0493078
259 0.788137 0.611867 0.0493078
260 0.788137 0.611867 0.0493078
261 0.788137 0.611867 0.0493078
262 0.788137 0.611867 0.0493078
263 0.788137 0.611867 0.0493078
264 0.788137 0.612234 0.048922
265 0.788137 0.612234 0.048922
266 0.788137 0.612234 0.048922
267 0.788137 0.614006 0.0479572
268 0.788137 0.614006 0.0479572
269 0.788137 0.614006 0.0479572
270 0.788137 0.614006 0.0479572
271 0.788137 0.614006 0.0479572
272 0.788137 0.614006 0.0479572
273 0.788137 0.614006 0.0479572
274 0.788137 0.614006 0.0479572
275 0.788137 0.614006 0.0479572
276 0.788137 0.614006 0.0479572
277 0.788137 0.614006 0.0479572
278 0.788137 0.614006 0.0479572
279 0.788137 0.614006 0.0479572
280 0.788137 0.614006 0.0479572
281 0.788137 0.614006 0.0479572
282 0.788137 0.614991 0.0471995
283 0.788137 0.614991 0.0471995
284 0.788137 0.615643 0.0466257
285 0.788137 0.615643 0.0466257
286 0.788137 0.615643 0.0466257
287 0.788137 0.615643 0.0466257
288 0.788137 0.615643 0.0466257
289 0.788137 0.615643 0.0466257
290 0.788137 0.615643 0.0466257
291 0.788137 0.615643 0.0466257
292 0.788137 0.615643 0.0466257
293 0.788137 0.615643 0.0466257
294 0.788137 0.615643 0.0466257
295 0.788137 0.615643 0.0466257
296 0.788137 0.615643 0.0466257
297 0.788137 0.615643 0.0466257
298 0.788137 0.615643 0.0466257
299 0.788137 0.615643 0.0466257
300 0.788137 0.615643 0.0466257
