1 0.221031 0.0448538 0.0411855
2 0.221031 0.0607846 0.0385871
3 0.221031 0.076662 0.0416548
4 0.221031 0.0861529 0.0403559
5 0.221031 0.094279 0.0400374
6 0.221031 0.105898 0.0455014
7 0.221031 0.115097 0.0439139
8 0.221031 0.124466 0.0408718
9 0.221031 0.132028 0.0369981
10 0.221031 0.136492 0.0342272
11 0.221031 0.137307 0.0335194
12 0.221031 0.149258 0.030332
13 0.221031 0.161086 0.0254823
14 0.221031 0.170216 0.0227849
15 0.221031 0.175541 0.0217594
16 0.273235 0.187434 0.032074
17 0.273235 0.196372 0.0290622
18 0.273235 0.196445 0.0289765
19 0.273235 0.202434 0.0284984
20 0.273235 0.213897 0.0252109
21 0.273235 0.21741 0.023341
22 0.286155 0.227997 0.0223907
23 0.286416 0.235387 0.0213004
24 0.286416 0.241145 0.0195951
25 0.286416 0.245867 0.0183357
26 0.286416 0.247214 0.0174302
27 0.286416 0.251454 0.0170359
28 0.286416 0.253101 0.0162517
29 0.297413 0.259599 0.0170557
30 0.297413 0.263593 0.0156161
31 0.297413 0.267169 0.0139476
32 0.297413 0.269759 0.013423
33 0.308958 0.274091 0.0135284
34 0.351425 0.277882 0.0185788
35 0.351425 0.282564 0.0201026
36 0.351425 0.284137 0.0198128
37 0.351425 0.290143 0.0212548
38 0.351425 0.292532 0.0217799
39 0.351425 0.292532 0.0217799
40 0.351425 0.293042 0.0213811
41 0.351425 0.293645 0.0209376
42 0.351425 0.295551 0.020015
43 0.351425 0.296177 0.0195704
44 0.351425 0.296177 0.0195704
45 0.361246 0.298835 0.022581
46 0.361246 0.298835 0.022581
47 0.361246 0.299641 0.0223789
48 0.361246 0.300797 0.0223396
49 0.361246 0.300797 0.0223396
50 0.361246 0.300797 0.0223396
51 0.361246 0.302218 0.0218617
52 0.361246 0.303644 0.0215473
53 0.361246 0.30528 0.020959
54 0.361246 0.30528 0.020959
55 0.361246 0.305556 0.0207359
56 0.361246 0.305839 0.0205035
57 0.361246 0.310381 0.0209033
58 0.361246 0.310803 0.0205079
59 0.361246 0.310986 0.0203272
60 0.361246 0.310986 0.0203272
61 0.361246 0.311303 0.0200507
62 0.361246 0.311303 0.0200507
63 0.361246 0.312939 0.0197781
64 0.361246 0.312939 0.0197781
65 0.361246 0.312939 0.0197781
66 0.361246 0.313464 0.0194406
67 0.361246 0.314765 0.0193235
68 0.361246 0.31489 0.0191943
69 0.361246 0.31489 0.0191943
70 0.361246 0.31489 0.0191943
71 0.361246 0.317627 0.0195339
72 0.361246 0.317627 0.0195339
73 0.361246 0.31822 0.0190254
74 0.361246 0.319373 0.0187758
75 0.361246 0.320746 0.0186895
76 0.361246 0.320791 0.0186389
77 0.361246 0.320791 0.0186389
78 0.361246 0.321446 0.0181224
79 0.361246 0.322348 0.0177288
80 0.361246 0.323091 0.0172611
81 0.361246 0.323091 0.0172611
82 0.388004 0.327128 0.0199734
83 0.388004 0.327128 0.0199734
84 0.388004 0.327629 0.0195385
85 0.388004 0.327629 0.0195385
86 0.388004 0.327629 0.0195385
87 0.388004 0.327629 0.0195385
88 0.388004 0.328665 0.0191208
89 0.388004 0.329088 0.018725
90 0.388004 0.330857 0.0189363
91 0.388004 0.330857 0.0189363
92 0.388004 0.330857 0.0189363
93 0.388004 0.330857 0.0189363
94 0.388004 0.330857 0.0189363
95 0.388004 0.330857 0.0189363
96 0.388004 0.331354 0.0184846
97 0.388004 0.331354 0.0184846
98 0.388004 0.331354 0.0184846
99 0.388004 0.33338 0.0190007
100 0.388004 0.33338 0.0190007
101 0.388004 0.33338 0.0190007
102 0.388004 0.335224 0.0182897
103 0.388004 0.336517 0.0178539
104 0.388004 0.336517 0.0178539
105 0.388004 0.336517 0.0178539
106 0.388004 0.337552 0.0174944
107 0.388004 0.337552 0.0174944
108 0.388004 0.33758 0.0174602
109 0.388004 0.33758 0.0174602
110 0.388004 0.33758 0.0174602
111 0.388004 0.33758 0.0174602
112 0.388004 0.338306 0.0170031
113 0.388004 0.338306 0.0170031
114 0.388004 0.338306 0.0170031
115 0.388004 0.339724 0.0164114
116 0.388004 0.340184 0.0159774
117 0.388004 0.340184 0.0159774
118 0.388004 0.340184 0.0159774
119 0.388004 0.340184 0.0159774
120 0.388004 0.340184 0.0159774
121 0.388004 0.341639 0.0159413
122 0.388004 0.341639 0.0159413
123 0.388004 0.34185 0.0156842
124 0.388004 0.34185 0.0156842
125 0.388004 0.343618 0.0161592
126 0.388004 0.344736 0.0157503
127 0.388004 0.345368 0.0152317
128 0.388004 0.345368 0.0152317
129 0.388004 0.345484 0.0150878
130 0.388004 0.345484 0.0150878
131 0.388004 0.346069 0.0146349
132 0.388004 0.346069 0.0146349
133 0.388004 0.346069 0.0146349
134 0.388004 0.346069 0.0146349
135 0.388004 0.346069 0.0146349
136 0.388004 0.346069 0.0146349
137 0.388004 0.346069 0.0146349
138 0.388004 0.346069 0.0146349
139 0.388004 0.346069 0.0146349
140 0.388004 0.346069 0.0146349
141 0.388004 0.346069 0.0146349
142 0.388004 0.346069 0.0146349
143 0.388004 0.346069 0.0146349
144 0.388004 0.346069 0.0146349
145 0.388004 0.346069 0.0146349
146 0.388004 0.346069 0.0146349
147 0.388004 0.347354 0.0144749
148 0.388004 0.347354 0.0144749
149 0.388004 0.347354 0.0144749
150 0.388004 0.347354 0.0144749
151 0.388004 0.347354 0.0144749
152 0.388004 0.348927 0.0148046
153 0.388004 0.34911 0.0145833
154 0.388004 0.34911 0.0145833
155 0.388004 0.34911 0.0145833
156 0.38995 0.351518 0.0155175
157 0.38995 0.351518 0.0155175
158 0.38995 0.351518 0.0155175
159 0.38995 0.35249 0.0151558
160 0.38995 0.35249 0.0151558
161 0.38995 0.35249 0.0151558
162 0.38995 0.35249 0.0151558
163 0.38995 0.353851 0.0150767
164 0.38995 0.353927 0.0149721
165 0.38995 0.353927 0.0149721
166 0.38995 0.353927 0.0149721
167 0.38995 0.353927 0.0149721
168 0.38995 0.354198 0.0146792
169 0.38995 0.354198 0.0146792
170 0.38995 0.354198 0.0146792
171 0.38995 0.354198 0.0146792
172 0.38995 0.354198 0.0146792
173 0.38995 0.354198 0.0146792
174 0.38995 0.354198 0.0146792
175 0.38995 0.354198 0.0146792
176 0.38995 0.354198 0.0146792
177 0.38995 0.354198 0.0146792
178 0.38995 0.354198 0.0146792
179 0.38995 0.354198 0.0146792
180 0.38995 0.354198 0.0146792
181 0.38995 0.354198 0.0146792
182 0.38995 0.354198 0.0146792
183 0.38995 0.354198 0.0146792
184 0.38995 0.354373 0.0144708
185 0.38995 0.354373 0.0144708
186 0.38995 0.354373 0.0144708
187 0.38995 0.354373 0.0144708
188 0.38995 0.354373 0.0144708
189 0.38995 0.354683 0.0141673
190 0.38995 0.354683 0.0141673
191 0.38995 0.355783 0.0140377
192 0.38995 0.355783 0.0140377
193 0.38995 0.355783 0.0140377
194 0.38995 0.356327 0.013649
195 0.38995 0.356327 0.013649
196 0.38995 0.356548 0.0134233
197 0.38995 0.356548 0.0134233
198 0.38995 0.356548 0.0134233
199 0.38995 0.356548 0.0134233
200 0.38995 0.356548 0.0134233
201 0.38995 0.357125 0.0130438
202 0.38995 0.357125 0.0130438
203 0.38995 0.357125 0.0130438
204 0.38995 0.357125 0.0130438
205 0.38995 0.357125 0.0130438
206 0.38995 0.357125 0.0130438
207 0.38995 0.357125 0.0130438
208 0.38995 0.357755 0.0126271
209 0.38995 0.357755 0.0126271
210 0.38995 0.357755 0.0126271
211 0.38995 0.357755 0.0126271
212 0.38995 0.357755 0.0126271
213 0.38995 0.357755 0.0126271
214 0.38995 0.357755 0.0126271
215 0.38995 0.35873 0.0124862
216 0.38995 0.35873 0.0124862
217 0.38995 0.358972 0.0122295
218 0.38995 0.358972 0.0122295
219 0.38995 0.358972 0.0122295
220 0.38995 0.358972 0.0122295
221 0.38995 0.359299 0.0119267
222 0.38995 0.359299 0.0119267
223 0.38995 0.359299 0.0119267
224 0.38995 0.359299 0.0119267
225 0.38995 0.359299 0.0119267
226 0.38995 0.359299 0.0119267
227 0.38995 0.359299 0.0119267
228 0.38995 0.359682 0.0115989
229 0.38995 0.359682 0.0115989
230 0.38995 0.359682 0.0115989
231 0.38995 0.35983 0.0114407
232 0.38995 0.35983 0.0114407
233 0.38995 0.360043 0.0112293
234 0.38995 0.360043 0.0112293
235 0.38995 0.360043 0.0112293
236 0.38995 0.360043 0.0112293
237 0.38995 0.360043 0.0112293
238 0.38995 0.360099 0.0111627
239 0.38995 0.360099 0.0111627
240 0.38995 0.360099 0.0111627
241 0.38995 0.360099 0.0111627
242 0.38995 0.360099 0.0111627
243 0.38995 0.360099 0.0111627
244 0.38995 0.360099 0.0111627
245 0.38995 0.360099 0.0111627
246 0.38995 0.360099 0.0111627
247 0.38995 0.360099 0.0111627
248 0.38995 0.360099 0.0111627
249 0.38995 0.360487 0.0108793
250 0.38995 0.360487 0.0108793
251 0.38995 0.360487 0.0108793
252 0.393911 0.362029 0.012155
253 0.393911 0.362029 0.012155
254 0.393911 0.362029 0.012155
255 0.393911 0.362029 0.012155
256 0.395663 0.363578 0.0133246
257 0.395663 0.363578 0.0133246
258 0.395663 0.363578 0.0133246
259 0.395663 0.363578 0.0133246
260 0.395663 0.363578 0.0133246
261 0.395663 0.363578 0.0133246
262 0.395663 0.363578 0.0133246
263 0.395663 0.363578 0.0133246
264 0.395663 0.363578 0.0133246
265 0.395663 0.363578 0.0133246
266 0.395663 0.363578 0.0133246
267 0.395663 0.363578 0.0133246
268 0.395663 0.363578 0.0133246
269 0.395663 0.363578 0.0133246
270 0.395663 0.363578 0.0133246
271 0.395663 0.363578 0.0133246
272 0.395663 0.363578 0.0133246
273 0.395663 0.363578 0.0133246
274 0.395663 0.363578 0.0133246
275 0.395663 0.363578 0.0133246
276 0.395663 0.363578 0.0133246
277 0.395663 0.363578 0.0133246
278 0.395663 0.363578 0.0133246
279 0.395663 0.363578 0.0133246
280 0.395663 0.364057 0.0130622
281 0.395663 0.364057 0.0130622
282 0.395663 0.364646 0.0127937
283 0.395663 0.364646 0.0127937
284 0.395663 0.364646 0.0127937
285 0.395663 0.364646 0.0127937
286 0.395663 0.364646 0.0127937
287 0.395663 0.364648 0.0127916
288 0.395663 0.364705 0.0127362
289 0.395663 0.364705 0.0127362
290 0.395663 0.364705 0.0127362
291 0.395663 0.364705 0.0127362
292 0.395663 0.364705 0.0127362
293 0.395663 0.364705 0.0127362
294 0.395663 0.364705 0.0127362
295 0.395663 0.364705 0.0127362
296 0.395663 0.364705 0.0127362
297 0.395663 0.364705 0.0127362
298 0.395663 0.364705 0.0127362
299 0.395663 0.364705 0.0127362
300 0.395663 0.364705 0.0127362
